snapped_at,price,market_cap,total_volume
2018-11-13 00:00:00 UTC,0.061409398578938616,0.0,15868.32884402593
2018-11-14 00:00:00 UTC,0.10916655803992095,0.0,29578.770525416545
2018-11-15 00:00:00 UTC,0.11023399358562538,0.0,51484.506355294674
2018-11-16 00:00:00 UTC,0.12527876839563915,0.0,49895.848108097
2018-11-17 00:00:00 UTC,0.11786974663272697,0.0,32036.984221429942
2018-11-18 00:00:00 UTC,0.11935692779791644,0.0,17726.989776660044
2018-11-19 00:00:00 UTC,0.09645450672592396,0.0,25335.520735184626
2018-11-20 00:00:00 UTC,0.08807580440563141,0.0,15963.953733960489
2018-11-21 00:00:00 UTC,0.09068973783029892,0.0,34870.39963429428
2018-11-22 00:00:00 UTC,0.10201679187168329,0.0,24048.326359196533
2018-11-23 00:00:00 UTC,0.07829013618856674,0.0,3.1417048751109946
2018-11-24 00:00:00 UTC,0.08558985126026868,0.0,202.7839262780941
2018-11-25 00:00:00 UTC,0.08596566668845691,0.0,149.68591390545114
2018-11-26 00:00:00 UTC,0.06103002480307455,0.0,48.396319963919105
2018-11-27 00:00:00 UTC,0.04213735494953204,0.0,30.38002330758801
2018-11-28 00:00:00 UTC,0.0961404941078315,0.0,1864.4464492415534
2018-11-29 00:00:00 UTC,0.05161796831300121,0.0,1649.8500284382985
2018-11-30 00:00:00 UTC,0.08499171756317184,0.0,2183.0839075723143
2018-12-05 00:00:00 UTC,0.13381793157072872,0.0,0.0
2018-12-06 00:00:00 UTC,0.2178108882870458,0.0,4539.455531730159
2018-12-07 00:00:00 UTC,0.17755907869654128,0.0,4398.612431868404
2018-12-08 00:00:00 UTC,0.14775377862547706,0.0,4915.510825718704
2018-12-09 00:00:00 UTC,0.13652546514350017,0.0,5509.729767552528
2018-12-10 00:00:00 UTC,0.13717299686199033,0.0,4121.325129409453
2018-12-11 00:00:00 UTC,0.13351027393402623,0.0,3425.683042924693
2018-12-12 00:00:00 UTC,0.1261423049682701,0.0,5443.286528565323
2018-12-13 00:00:00 UTC,0.1259914385475241,0.0,5915.312125360047
2018-12-14 00:00:00 UTC,0.13115284321002654,0.0,5462.521470949781
2018-12-15 00:00:00 UTC,0.13145319684836773,0.0,27115.269984084673
2018-12-16 00:00:00 UTC,0.12056489127224004,0.0,11213.311719661406
2018-12-17 00:00:00 UTC,0.4507852982946446,0.0,74920.51657656993
2018-12-18 00:00:00 UTC,0.09930037862001254,0.0,20841.495405248323
2018-12-19 00:00:00 UTC,0.17427543355068825,0.0,19547.289446453957
2018-12-20 00:00:00 UTC,0.184535101344353,0.0,14844.372622342444
2018-12-21 00:00:00 UTC,0.1635910894016029,0.0,27309.70626418309
2018-12-22 00:00:00 UTC,0.13960169567322966,0.0,26654.1035584957
2018-12-23 00:00:00 UTC,0.15706513470186306,0.0,19311.277460709625
2018-12-24 00:00:00 UTC,0.13249105131811328,0.0,22390.279107644987
2018-12-25 00:00:00 UTC,0.12588668146344947,0.0,22411.64433053427
2018-12-26 00:00:00 UTC,0.11548481047756258,0.0,18278.13193853929
2018-12-27 00:00:00 UTC,0.1200439890576594,0.0,5246.238291623517
2018-12-28 00:00:00 UTC,0.11928104576620278,0.0,8286.063443166313
2018-12-29 00:00:00 UTC,0.123304749340067,0.0,15592.362791492285
2018-12-30 00:00:00 UTC,0.12745032084250213,0.0,25019.117265105768
2018-12-31 00:00:00 UTC,0.12750877460671425,0.0,18443.327373473105
2019-01-01 00:00:00 UTC,0.10992605806333176,0.0,22273.961076979744
2019-01-02 00:00:00 UTC,0.09848130677219032,0.0,62545.13492288723
2019-01-03 00:00:00 UTC,0.07350373418414917,0.0,16431.162243984152
2019-01-04 00:00:00 UTC,0.07587800564845663,0.0,21547.502906890633
2019-01-05 00:00:00 UTC,0.08860100702875043,0.0,13369.761214465427
2019-01-06 00:00:00 UTC,0.0855487257783841,0.0,3868.2744384555817
2019-01-07 00:00:00 UTC,0.09492559183218222,0.0,16988.627544623043
2019-01-08 00:00:00 UTC,0.09694586791129867,0.0,10866.83489172658
2019-01-09 00:00:00 UTC,0.0796859083351649,0.0,4551.316193820512
2019-01-10 00:00:00 UTC,0.08801532802965191,0.0,20329.278430781844
2019-01-11 00:00:00 UTC,0.08422975114605218,0.0,13623.819085975467
2019-01-12 00:00:00 UTC,0.09036173153342854,0.0,16274.170842128045
2019-01-13 00:00:00 UTC,0.08871692263494571,0.0,16243.550741367386
2019-01-14 00:00:00 UTC,0.08975610515856493,0.0,8508.998868126202
2019-01-15 00:00:00 UTC,0.09115591163566457,0.0,25918.379218518287
2019-01-16 00:00:00 UTC,0.07146452282162613,0.0,15021.199862711826
2019-01-17 00:00:00 UTC,0.07304585683076806,0.0,5726.429746046097
2019-01-18 00:00:00 UTC,0.07268639045773333,0.0,1209.830227548577
2019-01-19 00:00:00 UTC,0.10435001439957382,0.0,22503.342816698343
2019-01-20 00:00:00 UTC,0.08995871188380018,0.0,2087.396050923624
2019-01-21 00:00:00 UTC,0.09818420432411505,0.0,3867.608200423653
2019-01-22 00:00:00 UTC,0.0939302857505804,0.0,491.60668944317496
2019-01-23 00:00:00 UTC,0.08793375722514456,0.0,657.5900207516701
2019-01-24 00:00:00 UTC,0.09339627692581236,0.0,9670.709374063297
2019-01-25 00:00:00 UTC,0.09272972497601696,0.0,726.8958171940606
2019-01-26 00:00:00 UTC,0.09207738473401711,0.0,1128.0866626143863
2019-01-27 00:00:00 UTC,0.08913135003829344,0.0,1584.017100206067
2019-01-28 00:00:00 UTC,0.05328833690016465,0.0,241.55603116844637
2019-01-29 00:00:00 UTC,0.08648992746091795,0.0,1419.424805763198
2019-01-30 00:00:00 UTC,0.08766359083234948,0.0,4.880399930951636
2019-01-31 00:00:00 UTC,0.09321932555190711,0.0,1233.2657010830264
2019-02-01 00:00:00 UTC,0.09177163699699498,0.0,190.47977544920337
2019-02-02 00:00:00 UTC,0.08701466848158784,0.0,680.2385505986239
2019-02-03 00:00:00 UTC,0.0900016083199904,0.0,558.8459179477207
2019-02-04 00:00:00 UTC,0.08325727281967357,0.0,2286.206694761425
2019-02-05 00:00:00 UTC,0.08517620683741936,0.0,1617.5381358032698
2019-02-06 00:00:00 UTC,0.13797188320575995,0.0,27543.319962089063
2019-02-07 00:00:00 UTC,0.09708026375430547,0.0,2149.0450590617975
2019-02-08 00:00:00 UTC,0.11105575166591256,0.0,3798.9078094866627
2019-02-09 00:00:00 UTC,0.1266356437830204,0.0,16280.5785082391
2019-02-10 00:00:00 UTC,0.15604953468384083,0.0,266506.5626001615
2019-02-11 00:00:00 UTC,0.1320509445635761,0.0,262070.6747330949
2019-02-12 00:00:00 UTC,0.13935676087740836,0.0,17872.427724061312
2019-02-13 00:00:00 UTC,0.15219705386396173,0.0,201502.61047311674
2019-02-14 00:00:00 UTC,0.06128705922212954,0.0,50927.695338907084
2019-02-15 00:00:00 UTC,0.11989532310505512,0.0,967.0869190219845
2019-02-16 00:00:00 UTC,0.11435505210421307,0.0,3363.472474674174
2019-02-17 00:00:00 UTC,0.10710615067664012,0.0,6878.930018215024
2019-02-18 00:00:00 UTC,0.10793141115729805,0.0,4651.951541220911
2019-02-19 00:00:00 UTC,0.09901186008278007,0.0,3483.337220556306
2019-02-20 00:00:00 UTC,0.12062979960927359,0.0,91929.88386307473
2019-02-21 00:00:00 UTC,0.12359867874749701,0.0,7697.54416783246
2019-02-22 00:00:00 UTC,0.11725971799728457,0.0,91165.20140106966
2019-02-23 00:00:00 UTC,0.11932282732133025,0.0,140652.18097397784
2019-02-24 00:00:00 UTC,0.08723683822738873,0.0,4435.4053654447225
2019-02-25 00:00:00 UTC,0.11963012329688409,0.0,95739.89703525239
2019-02-26 00:00:00 UTC,0.10844354665475606,0.0,100926.53057565865
2019-02-27 00:00:00 UTC,0.08759429391531401,0.0,3603.2766270775355
2019-02-28 00:00:00 UTC,0.08847385585237537,0.0,4166.348228946413
2019-03-01 00:00:00 UTC,0.08966960788032415,0.0,2895.106580401405
2019-03-02 00:00:00 UTC,0.09396516670158189,0.0,5317.126744129728
2019-03-03 00:00:00 UTC,0.08826331128237737,0.0,4263.939873498152
2019-03-04 00:00:00 UTC,0.07711752105695888,0.0,2640.1290319156237
2019-03-05 00:00:00 UTC,0.08514739852985354,0.0,4109.434647021024
2019-03-06 00:00:00 UTC,0.08722070969131364,0.0,3627.5031718036025
2019-03-07 00:00:00 UTC,0.08516539558302756,0.0,132.82664880280635
2019-03-08 00:00:00 UTC,0.0863286946640993,0.0,10126.866972776152
2019-03-09 00:00:00 UTC,0.09214785315911213,0.0,8544.526379457255
2019-03-10 00:00:00 UTC,0.1006536508425524,0.0,13623.543872326676
2019-03-11 00:00:00 UTC,0.11250793602502253,0.0,8367.935527462132
2019-03-12 00:00:00 UTC,0.09354278736258788,0.0,2771.611119301631
2019-03-13 00:00:00 UTC,0.09541634946404241,0.0,5988.053498558289
2019-03-14 00:00:00 UTC,0.10672323692409172,0.0,31176.89737493501
2019-03-15 00:00:00 UTC,0.09302502617382696,0.0,5191.861694447367
2019-03-16 00:00:00 UTC,0.10092831821468315,0.0,9184.141389066952
2019-03-17 00:00:00 UTC,0.0996919919835368,0.0,8704.215777748983
2019-03-18 00:00:00 UTC,0.08959594150371465,0.0,2934.3435391532103
2019-03-19 00:00:00 UTC,0.09890340613387465,0.0,7649.330331848636
2019-03-20 00:00:00 UTC,0.09421745720267816,0.0,8945.946487635618
2019-03-21 00:00:00 UTC,0.09121124653690638,0.0,6606.954446199261
2019-03-22 00:00:00 UTC,0.09372200010204568,0.0,14496.464184075008
2019-03-23 00:00:00 UTC,0.0951973023159173,0.0,7963.979189115689
2019-03-24 00:00:00 UTC,0.09565384576647981,0.0,7499.818056004146
2019-03-25 00:00:00 UTC,0.09532640214933093,0.0,5036.647292111341
2019-03-26 00:00:00 UTC,0.09734401460359632,0.0,6890.286993486851
2019-03-27 00:00:00 UTC,0.09705557698612415,0.0,6991.171365868027
2019-03-28 00:00:00 UTC,0.09665672363540699,0.0,11629.676548624819
2019-03-29 00:00:00 UTC,0.09599719736411039,0.0,9018.925147302558
2019-03-30 00:00:00 UTC,0.0974114514889058,0.0,6855.569468381308
2019-03-31 00:00:00 UTC,0.10099074146423265,0.0,6809.282781487266
2019-04-01 00:00:00 UTC,0.10225692706265979,0.0,17865.045695485176
2019-04-02 00:00:00 UTC,0.09314905812261279,0.0,1069.071740073227
2019-04-03 00:00:00 UTC,0.11006435460404607,0.0,5303.122013301028
2019-04-04 00:00:00 UTC,0.11376503883079427,0.0,11413.547720873976
2019-04-05 00:00:00 UTC,0.19636942525946793,0.0,304398.160664063
2019-04-06 00:00:00 UTC,0.1923162046919364,0.0,103329.86508787662
2019-04-07 00:00:00 UTC,0.10192263971729731,0.0,226.84595477273783
2019-04-08 00:00:00 UTC,0.16403094729271495,0.0,62129.825958980706
2019-04-09 00:00:00 UTC,0.11329038575367027,0.0,56842.9422967816
2019-04-10 00:00:00 UTC,0.11907458054777015,0.0,12896.946954314311
2019-04-11 00:00:00 UTC,0.12203138151587015,0.0,20047.660140448195
2019-04-12 00:00:00 UTC,0.11154828794007053,0.0,69250.26846754905
2019-04-13 00:00:00 UTC,0.1129411609632198,0.0,21773.146109441674
2019-04-14 00:00:00 UTC,0.1135299430390368,0.0,19818.081363628666
2019-04-15 00:00:00 UTC,0.11651192834989321,0.0,18859.740751981146
2019-04-16 00:00:00 UTC,0.11462886450804811,0.0,25527.50801647075
2019-04-17 00:00:00 UTC,0.1204307786947487,0.0,39770.74149854299
2019-04-18 00:00:00 UTC,0.13391241042510937,0.0,67695.89544153384
2019-04-19 00:00:00 UTC,0.118170545801555,0.0,7558.479034147473
2019-04-20 00:00:00 UTC,0.09755042618698327,0.0,2092.071309184092
2019-04-21 00:00:00 UTC,0.09402956981919706,0.0,2865.831456373961
2019-04-22 00:00:00 UTC,0.09166500851561234,0.0,733.7016234405166
2019-04-23 00:00:00 UTC,0.09663886389561935,0.0,559.4159962068424
2019-04-24 00:00:00 UTC,0.08777635921590637,0.0,327.852603752193
2019-04-25 00:00:00 UTC,0.13062693008998863,0.0,33089.06040009518
2019-04-26 00:00:00 UTC,0.08368304414908581,0.0,3996.5322736137136
2019-04-27 00:00:00 UTC,0.0863570510531705,0.0,3689.7584116548715
2019-04-28 00:00:00 UTC,0.0815806957558919,0.0,2211.0198298683395
2019-04-29 00:00:00 UTC,0.08186495243605162,0.0,1090.9911363284093
2019-04-30 00:00:00 UTC,0.07602012120674029,0.0,1616.8506868191412
2019-05-01 00:00:00 UTC,0.08211705369032576,0.0,5223.878667540032
2019-05-02 00:00:00 UTC,0.08469183738827717,0.0,5481.683271210768
2019-05-03 00:00:00 UTC,0.07781898655083065,0.0,9170.042852513889
2019-05-04 00:00:00 UTC,0.08143545893508655,0.0,5196.137137267169
2019-05-05 00:00:00 UTC,0.08659363739434425,0.0,2608.2821284426486
2019-05-06 00:00:00 UTC,0.07633610690530443,0.0,2102.533836641037
2019-05-07 00:00:00 UTC,0.07083814259602281,0.0,3878.8187023185665
2019-05-08 00:00:00 UTC,0.08795955041684753,0.0,9722.705680868004
2019-05-09 00:00:00 UTC,0.08853264354553943,0.0,14070.620213375598
2019-05-10 00:00:00 UTC,0.07760760391341136,0.0,5097.519242699903
2019-05-11 00:00:00 UTC,0.08247227244049832,0.0,8249.089522373444
2019-05-12 00:00:00 UTC,0.07924063900423879,0.0,10073.595668434995
2019-05-13 00:00:00 UTC,0.0711987751315199,0.0,7196.4290148799555
2019-05-14 00:00:00 UTC,0.07785828083737857,0.0,6344.901378246941
2019-05-15 00:00:00 UTC,0.0827460864026844,0.0,29135.874780814236
2019-05-16 00:00:00 UTC,0.05705631631829148,0.0,7548.400685407588
2019-05-17 00:00:00 UTC,0.0647108995823823,0.0,4195.736014117372
2019-05-18 00:00:00 UTC,0.060917666840966965,0.0,3285.790181636869
2019-05-19 00:00:00 UTC,0.057368873236440826,0.0,1513.8536609496675
2019-05-20 00:00:00 UTC,0.06384358396880592,0.0,4272.883904328362
2019-05-21 00:00:00 UTC,0.05957407932868428,0.0,18034.84073201657
2019-05-22 00:00:00 UTC,0.05942258538121947,0.0,3511.646023864259
2019-05-23 00:00:00 UTC,0.05327186537400806,0.0,3257.219038495086
2019-05-24 00:00:00 UTC,0.04937577976494158,0.0,4068.032940938164
2019-05-25 00:00:00 UTC,0.055887199399248536,0.0,15427.959926969945
2019-05-26 00:00:00 UTC,0.05279585422183121,0.0,30761.486031182034
2019-05-27 00:00:00 UTC,0.05596907206467113,0.0,2171.9989180296398
2019-05-28 00:00:00 UTC,0.05908950810732529,0.0,25395.077470298966
2019-05-29 00:00:00 UTC,0.05726333861391591,0.0,23848.558751664434
2019-05-30 00:00:00 UTC,0.04892001054485878,0.0,3169.44226087452
2019-05-31 00:00:00 UTC,0.04933684173017567,0.0,11078.887159633245
2019-06-01 00:00:00 UTC,0.04429676287575631,0.0,2790.151487153014
2019-06-02 00:00:00 UTC,0.04721061116913367,0.0,3273.8559777950836
2019-06-03 00:00:00 UTC,0.05377815453700571,0.0,5885.603565696144
2019-06-04 00:00:00 UTC,0.051296131340169755,0.0,11425.445564626998
2019-06-05 00:00:00 UTC,0.048075870671155777,0.0,1826.2581162564554
2019-06-06 00:00:00 UTC,0.053526758270947064,0.0,8905.439552478296
2019-06-07 00:00:00 UTC,0.07161443530759783,0.0,11445.369733002197
2019-06-08 00:00:00 UTC,0.08240326346177447,0.0,28450.452990781916
2019-06-09 00:00:00 UTC,0.08329590465343763,0.0,25831.968447258674
2019-06-10 00:00:00 UTC,0.07295515001424722,0.0,3276.9452923290987
2019-06-11 00:00:00 UTC,0.07588766499220957,0.0,20432.580998075602
2019-06-12 00:00:00 UTC,0.07195119684385078,0.0,12582.89868340363
2019-06-13 00:00:00 UTC,0.06951907846396986,0.0,6814.034712973201
2019-06-14 00:00:00 UTC,0.06216577173271808,0.0,17023.43602867926
2019-06-15 00:00:00 UTC,0.06235401129957389,0.0,22038.292505716814
2019-06-16 00:00:00 UTC,0.06589315497925184,0.0,7418.824674955598
2019-06-17 00:00:00 UTC,0.06486304239002495,0.0,5890.226867535301
2019-06-18 00:00:00 UTC,0.05576788365085325,0.0,5550.361293779481
2019-06-19 00:00:00 UTC,0.060472870303653545,0.0,4900.943621530128
2019-06-20 00:00:00 UTC,0.0545111972948192,0.0,4208.271211756089
2019-06-21 00:00:00 UTC,0.06508039993700576,0.0,6739.586126174059
2019-06-22 00:00:00 UTC,0.060399731563357026,0.0,6462.683329301948
2019-06-23 00:00:00 UTC,0.05576754492451688,0.0,7933.3582065234295
2019-06-24 00:00:00 UTC,0.06484114746117019,0.0,3940.3768578399217
2019-06-25 00:00:00 UTC,0.05583156373388364,0.0,9183.666025984665
2019-06-26 00:00:00 UTC,0.05126989799333025,0.0,3577.3964633270675
2019-06-27 00:00:00 UTC,0.04537208732507055,0.0,21146.113807761787
2019-06-28 00:00:00 UTC,0.04659672514226894,0.0,11028.155543446419
2019-06-29 00:00:00 UTC,0.05518634794153932,0.0,8945.2040382838
2019-06-30 00:00:00 UTC,0.0587861029911407,0.0,9980.288273442531
2019-07-01 00:00:00 UTC,0.05389147949047191,0.0,6356.434871728344
2019-07-02 00:00:00 UTC,0.0542081204671471,0.0,7811.59202368675
2019-07-03 00:00:00 UTC,0.059683061685477365,0.0,10748.876615295338
2019-07-04 00:00:00 UTC,0.056887022600596665,0.0,7757.471205510413
2019-07-05 00:00:00 UTC,0.06070485367008452,0.0,12307.711832433817
2019-07-06 00:00:00 UTC,0.07439738639179612,0.0,20106.000369566453
2019-07-07 00:00:00 UTC,0.095474247660763,0.0,48143.93379866018
2019-07-08 00:00:00 UTC,0.08746035100329284,0.0,6508.64750365587
2019-07-09 00:00:00 UTC,0.09668859886161113,0.0,9872.255886879684
2019-07-10 00:00:00 UTC,0.08839021255774845,0.0,17001.549923447223
2019-07-11 00:00:00 UTC,0.08029631987114755,0.0,49164.931367175086
2019-07-12 00:00:00 UTC,0.08030419664463803,0.0,163257.51755051842
2019-07-13 00:00:00 UTC,0.08454537409058512,0.0,129071.80760111401
2019-07-14 00:00:00 UTC,0.08831346399832377,0.0,138301.11351987591
2019-07-15 00:00:00 UTC,0.08482983935417526,0.0,51277.448185273264
2019-07-16 00:00:00 UTC,0.08638180766293807,0.0,164606.73136196556
2019-07-17 00:00:00 UTC,0.07604449794138095,0.0,203908.78888059416
2019-07-18 00:00:00 UTC,0.07705880146919158,0.0,239343.04633941667
2019-07-19 00:00:00 UTC,0.08513013737081987,0.0,170929.08478575852
2019-07-20 00:00:00 UTC,0.0841740038093504,0.0,149763.9623554826
2019-07-21 00:00:00 UTC,0.08744048187012504,0.0,216609.51723704452
2019-07-22 00:00:00 UTC,0.09339177236883364,0.0,192026.3435932507
2019-07-23 00:00:00 UTC,0.08837073089742815,0.0,247871.546938598
2019-07-24 00:00:00 UTC,0.09440702136958773,0.0,257005.22693317747
2019-07-25 00:00:00 UTC,0.08702757939369501,0.0,185154.75284023126
2019-07-26 00:00:00 UTC,0.08553680789591403,0.0,195967.22273242177
2019-07-27 00:00:00 UTC,0.08631278005476727,0.0,130019.50502162795
2019-07-28 00:00:00 UTC,0.08208667849814265,0.0,198380.13967878465
2019-07-29 00:00:00 UTC,0.0854171543630042,0.0,189664.92583070626
2019-07-30 00:00:00 UTC,0.08301490519579217,0.0,184312.3439670106
2019-07-31 00:00:00 UTC,0.08471729458985702,0.0,143257.48511848846
2019-08-01 00:00:00 UTC,0.08910778946101855,0.0,222911.88435299316
2019-08-02 00:00:00 UTC,0.09159996878261194,0.0,131892.8511712483
2019-08-03 00:00:00 UTC,0.09220307937566466,0.0,253295.8182917222
2019-08-04 00:00:00 UTC,0.09356721036727736,0.0,128755.34279620997
2019-08-05 00:00:00 UTC,0.08608142264054448,0.0,221237.72615105356
2019-08-06 00:00:00 UTC,0.0743606535116781,0.0,145250.89966271401
2019-08-07 00:00:00 UTC,0.08076017600706067,0.0,258811.35547524746
2019-08-08 00:00:00 UTC,0.08942492749502852,0.0,528203.101723952
2019-08-09 00:00:00 UTC,0.08855086063422676,0.0,442032.9409973199
2019-08-10 00:00:00 UTC,0.08742427967478551,0.0,550504.4626467834
2019-08-11 00:00:00 UTC,0.07940857248487304,0.0,659540.7543843549
2019-08-12 00:00:00 UTC,0.08162190146655116,0.0,798600.6127543071
2019-08-13 00:00:00 UTC,0.08140893354642678,0.0,747628.7767631836
2019-08-14 00:00:00 UTC,0.07980355562100203,0.0,726921.9950078414
2019-08-15 00:00:00 UTC,0.09920692402060698,0.0,913117.7084353393
2019-08-16 00:00:00 UTC,0.09362274577377987,0.0,648000.1665471846
2019-08-17 00:00:00 UTC,0.08777165602641197,0.0,519371.11222227215
2019-08-18 00:00:00 UTC,0.09023695211020187,0.0,690199.6684204682
2019-08-19 00:00:00 UTC,0.08744595133763373,0.0,769900.0354528148
2019-08-20 00:00:00 UTC,0.08443447867962506,0.0,816155.9351351522
2019-08-21 00:00:00 UTC,0.08562533223253052,0.0,755285.6893590792
2019-08-22 00:00:00 UTC,0.08276900528493171,0.0,613892.759075652
2019-08-23 00:00:00 UTC,0.08088168437842316,0.0,388216.12185666687
2019-08-24 00:00:00 UTC,0.08055089633376214,0.0,738589.1909791043
2019-08-25 00:00:00 UTC,0.07793024813190322,0.0,778727.333846229
2019-08-26 00:00:00 UTC,0.07900269514698349,0.0,862273.5322630921
2019-08-27 00:00:00 UTC,0.0811566676532377,0.0,833532.205883692
2019-08-28 00:00:00 UTC,0.07490624654389606,0.0,703955.632996592
2019-08-29 00:00:00 UTC,0.07120055289105574,0.0,621338.0040205643
2019-08-30 00:00:00 UTC,0.07295032624321436,0.0,499980.5084215002
2019-08-31 00:00:00 UTC,0.07213491560182231,0.0,562432.7564614628
2019-09-01 00:00:00 UTC,0.07142539349652939,0.0,858286.4144541458
2019-09-02 00:00:00 UTC,0.07161091955273179,0.0,783357.8587779703
2019-09-03 00:00:00 UTC,0.07485107786151748,0.0,815902.5886324997
2019-09-04 00:00:00 UTC,0.07522078533243874,0.0,665375.6829974207
2019-09-05 00:00:00 UTC,0.07326972131816241,0.0,696383.5094492992
2019-09-06 00:00:00 UTC,0.07340703649560969,0.0,747936.6111386957
2019-09-07 00:00:00 UTC,0.07083888189643689,0.0,699938.089024266
2019-09-08 00:00:00 UTC,0.07264587254319552,0.0,767500.2332502811
2019-09-09 00:00:00 UTC,0.07237290007861384,0.0,644272.6362119286
2019-09-10 00:00:00 UTC,0.07121924852584671,0.0,657541.2905866355
2019-09-11 00:00:00 UTC,0.06621519816639491,0.0,388889.48554721626
2019-09-12 00:00:00 UTC,0.07093425033593379,0.0,760744.247409014
2019-09-13 00:00:00 UTC,0.07042290675086421,0.0,564061.29870756
2019-09-14 00:00:00 UTC,0.07073867330335755,0.0,460752.77926655556
2019-09-15 00:00:00 UTC,0.069972218681821,0.0,748948.6469761473
2019-09-16 00:00:00 UTC,0.06907483439015213,0.0,493280.80292556906
2019-09-17 00:00:00 UTC,0.06899042925838593,0.0,189974.06080785615
2019-09-18 00:00:00 UTC,0.06829394541064798,0.0,158021.43091922032
2019-09-19 00:00:00 UTC,0.07006959451155285,0.0,330860.49721058924
2019-09-20 00:00:00 UTC,0.07144245287186825,0.0,602781.1218460025
2019-09-21 00:00:00 UTC,0.06741387489198675,0.0,546276.2006897341
2019-09-22 00:00:00 UTC,0.06603898384713888,0.0,556159.7177976434
2019-09-23 00:00:00 UTC,0.06759407987925177,0.0,543180.550789197
2019-09-24 00:00:00 UTC,0.06199723373123366,0.0,525292.2698639435
2019-09-25 00:00:00 UTC,0.05928703947474072,0.0,504630.76669333474
2019-09-26 00:00:00 UTC,0.05770834228988776,0.0,595457.6981047675
2019-09-27 00:00:00 UTC,0.05757500287575487,0.0,579799.3845722448
2019-09-28 00:00:00 UTC,0.05793621829194253,0.0,582393.2899880231
2019-09-29 00:00:00 UTC,0.05832759670682252,0.0,533347.8571711996
2019-09-30 00:00:00 UTC,0.05926190678968978,0.0,570450.1367573835
2019-10-01 00:00:00 UTC,0.056950388455692155,0.0,567162.9957898388
2019-10-02 00:00:00 UTC,0.06919966322055338,0.0,579815.7021528534
2019-10-03 00:00:00 UTC,0.06919966322055338,0.0,579815.7021528534
2019-10-04 00:00:00 UTC,0.06611550413346695,0.0,545429.08840168
2019-10-05 00:00:00 UTC,0.06704244058420357,0.0,554114.9562428026
2019-10-06 00:00:00 UTC,0.06385110532460762,0.0,516088.4989428369
2019-10-07 00:00:00 UTC,0.06403499202712269,0.0,559496.8676271724
2019-10-08 00:00:00 UTC,0.06769674016662845,0.0,562491.8652381577
2019-10-09 00:00:00 UTC,0.0644711169758766,0.0,543497.9632183374
2019-10-10 00:00:00 UTC,0.06601187889355944,0.0,563160.8424091862
2019-10-11 00:00:00 UTC,0.06605975929995772,0.0,555371.0200772022
2019-10-12 00:00:00 UTC,0.06522340508244102,0.0,312992.96751173155
2019-10-13 00:00:00 UTC,0.06218291189186467,0.0,644946.5491581258
2019-10-14 00:00:00 UTC,0.06255035752275076,0.0,533181.9113616406
2019-10-15 00:00:00 UTC,0.06472852400684853,0.0,557793.9753061185
2019-10-16 00:00:00 UTC,0.06321769420088709,0.0,553099.0120746964
2019-10-17 00:00:00 UTC,0.06210985002308226,0.0,561791.7383668319
2019-10-18 00:00:00 UTC,0.06366011633980799,0.0,547628.3842790048
2019-10-19 00:00:00 UTC,0.06382768838964298,0.0,364487.75923830265
2019-10-20 00:00:00 UTC,0.06364610662847778,0.0,498032.01047463686
2019-10-21 00:00:00 UTC,0.06522655798335097,0.0,243596.52204969025
2019-10-22 00:00:00 UTC,0.06345058608424449,0.0,35421.96328520273
2019-10-23 00:00:00 UTC,0.062034667728623115,0.0,467726.9662331489
2019-10-24 00:00:00 UTC,0.05790192413788651,0.0,220472.28220464688
2019-10-25 00:00:00 UTC,0.06396802533742359,0.0,273958.6409576788
2019-10-26 00:00:00 UTC,0.06752128916594494,0.0,289902.9676134021
2019-10-27 00:00:00 UTC,0.07175488024477171,0.0,219621.41522557708
2019-10-28 00:00:00 UTC,0.07492260040588147,0.0,290582.43570518494
2019-10-29 00:00:00 UTC,0.07309573671762276,0.0,259684.8847731234
2019-10-30 00:00:00 UTC,0.06907087319972999,0.0,256975.97347165304
2019-10-31 00:00:00 UTC,0.06818355892538015,0.0,453874.47271084646
2019-11-01 00:00:00 UTC,0.06594364346289,0.0,491236.17034896667
2019-11-02 00:00:00 UTC,0.07398026354897196,0.0,273837.95267393236
2019-11-03 00:00:00 UTC,0.07016028023509376,0.0,3544.736541619356
2019-11-04 00:00:00 UTC,0.06910689601203235,0.0,4919.019227975787
2019-11-05 00:00:00 UTC,0.07350019731223727,0.0,220520.726159795
2019-11-06 00:00:00 UTC,0.06591785719502684,0.0,194817.62227448696
2019-11-07 00:00:00 UTC,0.06994635245562622,0.0,158807.38770324553
2019-11-08 00:00:00 UTC,0.06582887923800389,0.0,263828.982210072
2019-11-09 00:00:00 UTC,0.07022483007216168,0.0,275275.15409782744
2019-11-10 00:00:00 UTC,0.07332931954767219,0.0,7962.823438531993
2019-11-11 00:00:00 UTC,0.0735959608361685,0.0,3637.197192042176
2019-11-12 00:00:00 UTC,0.06373801026063174,0.0,82692.12383750956
2019-11-13 00:00:00 UTC,0.06899140556198463,0.0,702484.5656788622
2019-11-14 00:00:00 UTC,0.06565969807429241,0.0,274841.8566552782
2019-11-15 00:00:00 UTC,0.06788616265863423,0.0,904916.9136880937
2019-11-16 00:00:00 UTC,0.07284670748101915,0.0,168759.03246466492
2019-11-17 00:00:00 UTC,0.07308125841436336,0.0,683836.2740921496
2019-11-18 00:00:00 UTC,0.05740730284285291,0.0,319151.99277889123
2019-11-19 00:00:00 UTC,0.06993949752817889,0.0,7265.1568787426695
2019-11-20 00:00:00 UTC,0.07020372628822234,0.0,6437.482157809695
2019-11-21 00:00:00 UTC,0.06742345687483943,0.0,560427.318424944
2019-11-22 00:00:00 UTC,0.06559717386377195,0.0,629199.728845636
2019-11-23 00:00:00 UTC,0.06318968562358561,0.0,557942.4636749086
2019-11-24 00:00:00 UTC,0.06357329592935104,0.0,606507.6373683625
2019-11-25 00:00:00 UTC,0.05913540099464711,0.0,486190.45131683844
2019-11-26 00:00:00 UTC,0.06088219729403792,0.0,535027.8458656201
2019-11-27 00:00:00 UTC,0.06209005802531399,0.0,730576.8300530729
2019-11-28 00:00:00 UTC,0.0707132671600089,0.0,545552.818276349
2019-11-29 00:00:00 UTC,0.06778031464833578,0.0,709891.5566187385
2019-11-30 00:00:00 UTC,0.0733086549875762,0.0,607548.2847461469
2019-12-01 00:00:00 UTC,0.07355945359996029,0.0,9347.909068346906
2019-12-02 00:00:00 UTC,0.06865241435248172,0.0,2205.9535873039704
2019-12-03 00:00:00 UTC,0.06670085340663369,0.0,6509.580403121451
2019-12-04 00:00:00 UTC,0.06718596945420552,0.0,651650.4908600774
2019-12-05 00:00:00 UTC,0.06719932010637002,0.0,140016.77217091297
2019-12-06 00:00:00 UTC,0.0689082891943895,0.0,866795.8537938632
2019-12-07 00:00:00 UTC,0.06853665509751672,0.0,714957.1543035043
2019-12-08 00:00:00 UTC,0.06629104568418186,0.0,509752.51268158737
2019-12-09 00:00:00 UTC,0.06802261535161562,0.0,689921.2493746987
2019-12-10 00:00:00 UTC,0.0684739518666519,0.0,672151.5512724323
2019-12-11 00:00:00 UTC,0.06866752198445181,0.0,751734.0633721745
2019-12-12 00:00:00 UTC,0.0683517407104151,0.0,679259.3886299102
2019-12-13 00:00:00 UTC,0.06840626558695082,0.0,725781.7380821637
2019-12-14 00:00:00 UTC,0.07016256964891845,0.0,494444.14992855163
2019-12-15 00:00:00 UTC,0.06790730714705549,0.0,428180.7700098394
2019-12-16 00:00:00 UTC,0.06874242949394106,0.0,544288.5708050124
2019-12-17 00:00:00 UTC,0.0669866687475569,0.0,656128.6506484817
2019-12-18 00:00:00 UTC,0.0644160803059455,0.0,693194.7743009028
2019-12-19 00:00:00 UTC,0.07285254279448705,0.0,755116.582162891
2019-12-20 00:00:00 UTC,0.06959798428102557,0.0,700377.8187736585
2019-12-21 00:00:00 UTC,0.07009714108179496,0.0,659601.4099971547
2019-12-22 00:00:00 UTC,0.06996227657444375,0.0,583183.849218825
2019-12-23 00:00:00 UTC,0.08901392538636256,0.0,835468.6811698294
2019-12-24 00:00:00 UTC,0.07435268572431483,0.0,630899.0101335655
2019-12-25 00:00:00 UTC,0.07900198110154621,0.0,732348.7988866643
2019-12-26 00:00:00 UTC,0.09669244727865088,0.0,794775.8654519219
2019-12-27 00:00:00 UTC,0.10210680641407019,0.0,687693.305314082
2019-12-28 00:00:00 UTC,0.10760362535324991,0.0,730058.2021197034
2019-12-29 00:00:00 UTC,0.10591102336510932,0.0,724549.713353011
2019-12-30 00:00:00 UTC,0.11203589122414524,0.0,714509.8602132354
2019-12-31 00:00:00 UTC,0.10928810192644035,0.0,733093.8382732671
2020-01-01 00:00:00 UTC,0.10755616918878996,0.0,244712.07593047497
2020-01-02 00:00:00 UTC,0.11525063615808692,0.0,486303.9647722608
2020-01-03 00:00:00 UTC,0.10786508862589393,0.0,409404.6707545167
2020-01-04 00:00:00 UTC,0.1153923510670093,0.0,623387.7907245385
2020-01-05 00:00:00 UTC,0.0902926435507408,0.0,654344.4637824161
2020-01-06 00:00:00 UTC,0.10067743232210088,0.0,442305.4586786596
2020-01-07 00:00:00 UTC,0.1051189675519097,0.0,596408.8674930845
2020-01-08 00:00:00 UTC,0.11158245417365344,0.0,223337.0240746932
2020-01-09 00:00:00 UTC,0.10659330323824162,0.0,696524.9036605237
2020-01-10 00:00:00 UTC,0.09823559074187443,0.0,693965.5929506471
2020-01-11 00:00:00 UTC,0.10392402230764232,0.0,408989.5284402911
2020-01-12 00:00:00 UTC,0.09432255217685627,0.0,371699.9788360066
2020-01-13 00:00:00 UTC,0.08990164450888606,0.0,442433.9352897543
2020-01-14 00:00:00 UTC,0.08408366565021015,0.0,440429.6073240518
2020-01-15 00:00:00 UTC,0.09368475344237469,0.0,295247.2194193835
2020-01-16 00:00:00 UTC,0.08148289379618795,0.0,226267.04025167582
2020-01-17 00:00:00 UTC,0.06662053452554033,0.0,547698.6919023196
2020-01-18 00:00:00 UTC,0.07390749017615039,0.0,270528.7527203718
2020-01-19 00:00:00 UTC,0.06695114750018243,0.0,91537.6727080554
2020-01-20 00:00:00 UTC,0.07081986822207087,0.0,3971.6581562239157
2020-01-21 00:00:00 UTC,0.07226258696572672,0.0,3946.3024067343413
2020-01-22 00:00:00 UTC,0.07061935522782312,0.0,529692.2033316527
2020-01-23 00:00:00 UTC,0.06919653166630185,0.0,588190.0277837456
2020-01-24 00:00:00 UTC,0.06461584657374353,0.0,6134.138595923541
2020-01-25 00:00:00 UTC,0.0657437077000876,0.0,1174697.9056888812
2020-01-26 00:00:00 UTC,0.06647125810936014,0.0,1657503.9812588235
2020-01-27 00:00:00 UTC,0.06763561301217991,0.0,1390773.8199294426
2020-01-28 00:00:00 UTC,0.06891414412969248,0.0,1108345.3238638318
2020-01-29 00:00:00 UTC,0.07302659932489934,0.0,448015.99909801845
2020-01-30 00:00:00 UTC,0.07102933690561114,0.0,3643.584091802235
2020-01-31 00:00:00 UTC,0.07178380842348138,0.0,95992.41435593762
2020-02-01 00:00:00 UTC,0.06614876450534758,0.0,286248.3892786936
2020-02-02 00:00:00 UTC,0.0647878587195936,0.0,251414.576763625
2020-02-03 00:00:00 UTC,0.06766354397798761,0.0,266795.50540877844
2020-02-04 00:00:00 UTC,0.06491471503173189,0.0,6088.996942673413
2020-02-05 00:00:00 UTC,0.06864199945000002,0.0,5546.602754445677
2020-02-06 00:00:00 UTC,0.0691072837539683,0.0,9165.084852515938
2020-02-07 00:00:00 UTC,0.06618949700592729,0.0,5397.481300147318
2020-02-08 00:00:00 UTC,0.06860492953646052,0.0,28532.645187820362
2020-02-09 00:00:00 UTC,0.06727965805731569,0.0,457038.95140540635
2020-02-10 00:00:00 UTC,0.06212539259481082,0.0,347147.06438395067
2020-02-11 00:00:00 UTC,0.06056062226124984,0.0,483804.42179867317
2020-02-12 00:00:00 UTC,0.0628057682761794,0.0,483201.05895523826
2020-02-13 00:00:00 UTC,0.06334576733844507,0.0,477078.57473249227
2020-02-14 00:00:00 UTC,0.06451656940878074,0.0,452951.6350392476
2020-02-15 00:00:00 UTC,0.06667174085070955,0.0,424036.397522039
2020-02-16 00:00:00 UTC,0.06389936140358367,0.0,492714.37678068393
2020-02-17 00:00:00 UTC,0.059841138174962206,0.0,197260.5795454026
2020-02-18 00:00:00 UTC,0.06012900367896745,0.0,11250.275864621157
2020-02-19 00:00:00 UTC,0.06498967639366075,0.0,346604.7172855992
2020-02-20 00:00:00 UTC,0.054063728468648244,0.0,394033.145922596
2020-02-21 00:00:00 UTC,0.06050648462554825,0.0,208132.6166432937
2020-02-22 00:00:00 UTC,0.06108288874904173,0.0,189841.34242980927
2020-02-23 00:00:00 UTC,0.056811124345179646,0.0,55930.46336747979
2020-02-24 00:00:00 UTC,0.05650240374366331,0.0,73136.36264676032
2020-02-25 00:00:00 UTC,0.050163566582650115,0.0,70329.30540194362
2020-02-26 00:00:00 UTC,0.05653734521472279,0.0,34026.030876507655
2020-02-27 00:00:00 UTC,0.053241444893188695,0.0,13618.004062985863
2020-02-28 00:00:00 UTC,0.052375691585283414,0.0,217830.86793303484
2020-02-29 00:00:00 UTC,0.048942066580697906,0.0,280727.92536775646
2020-03-01 00:00:00 UTC,0.04171773234841696,0.0,177654.70340228258
2020-03-02 00:00:00 UTC,0.046360810210986675,0.0,13582.11623258097
2020-03-03 00:00:00 UTC,0.047405087476459475,0.0,111134.0977203512
2020-03-04 00:00:00 UTC,0.05221350577211771,0.0,173435.55985728058
2020-03-05 00:00:00 UTC,0.05342884484238901,0.0,437579.7582611935
2020-03-06 00:00:00 UTC,0.05888181183585077,0.0,225228.04729135265
2020-03-07 00:00:00 UTC,0.05751347899574806,0.0,90972.12953655462
2020-03-08 00:00:00 UTC,0.05587189978256311,0.0,1094.0511519716317
2020-03-09 00:00:00 UTC,0.05076125100593274,0.0,144806.6213208757
2020-03-10 00:00:00 UTC,0.05037945557303355,0.0,348321.8356628002
2020-03-11 00:00:00 UTC,0.04993261404862822,0.0,403604.89433127985
2020-03-12 00:00:00 UTC,0.04992640680460594,0.0,450554.428322214
2020-03-13 00:00:00 UTC,0.0311978855857453,0.0,101592.2555437014
2020-03-14 00:00:00 UTC,0.038930056661659225,0.0,57464.1065985209
2020-03-15 00:00:00 UTC,0.04544257309307191,0.0,252011.29511650623
2020-03-16 00:00:00 UTC,0.046084240351564686,0.0,57071.225342984275
2020-03-17 00:00:00 UTC,0.04270032514444397,0.0,58081.38057706238
2020-03-18 00:00:00 UTC,0.04752055812673779,0.0,121736.93611631157
2020-03-19 00:00:00 UTC,0.04783483634384815,0.0,461783.97890645417
2020-03-20 00:00:00 UTC,0.05378102232751302,0.0,100280.27693541744
2020-03-21 00:00:00 UTC,0.05078463677748764,0.0,28289.84556025198
2020-03-22 00:00:00 UTC,0.04590192356192589,0.0,118027.51341870644
2020-03-23 00:00:00 UTC,0.04586433158263663,0.0,165108.40132370073
2020-03-24 00:00:00 UTC,0.04892376863127182,0.0,200585.8363521344
2020-03-25 00:00:00 UTC,0.04848987320214028,0.0,43773.40358597703
2020-03-26 00:00:00 UTC,0.04308353502796614,0.0,52808.165534407126
2020-03-27 00:00:00 UTC,0.043412773354306725,0.0,27025.85485700959
2020-03-28 00:00:00 UTC,0.04384165444156028,0.0,18056.687020285633
2020-03-29 00:00:00 UTC,0.039888188619409966,0.0,17261.92745611352
2020-03-30 00:00:00 UTC,0.03724594332641363,0.0,1919.8607141725176
2020-03-31 00:00:00 UTC,0.042710853493127636,0.0,4651.466312229279
2020-04-01 00:00:00 UTC,0.042252015137868526,0.0,2395.6577381359716
2020-04-02 00:00:00 UTC,0.04313224368814296,0.0,2311.9020683562117
2020-04-03 00:00:00 UTC,0.041801013937410765,0.0,37374.00030742979
2020-04-04 00:00:00 UTC,0.04077220947886855,0.0,16767.04665002578
2020-04-05 00:00:00 UTC,0.04213962337268964,0.0,22136.97500074861
2020-04-06 00:00:00 UTC,0.04147222517000143,0.0,26675.078532473875
2020-04-07 00:00:00 UTC,0.045661631972052946,0.0,78888.17323460175
2020-04-08 00:00:00 UTC,0.04605500497265225,0.0,35574.45653122716
2020-04-09 00:00:00 UTC,0.04477177191933569,0.0,28868.531038868998
2020-04-10 00:00:00 UTC,0.044316837326568846,0.0,24795.434929553518
2020-04-11 00:00:00 UTC,0.04309276216729013,0.0,28755.903540796287
2020-04-12 00:00:00 UTC,0.04279706600667758,0.0,27787.245483805622
2020-04-13 00:00:00 UTC,0.04274803201116398,0.0,25270.833712361156
2020-04-14 00:00:00 UTC,0.042674304800021545,0.0,28890.61256404687
2020-04-15 00:00:00 UTC,0.042506814444663824,0.0,22591.416550835253
2020-04-16 00:00:00 UTC,0.04123046401817841,0.0,66335.45212604656
2020-04-17 00:00:00 UTC,0.04347747614252935,0.0,112820.3606967806
2020-04-18 00:00:00 UTC,0.04242923904824449,0.0,107163.42186920065
2020-04-19 00:00:00 UTC,0.04376040737991641,0.0,112476.66602388096
2020-04-20 00:00:00 UTC,0.042638881433113715,0.0,113143.09456782996
2020-04-21 00:00:00 UTC,0.041767371934233084,0.0,110763.60648470485
2020-04-22 00:00:00 UTC,0.041626102579581055,0.0,110449.47955233007
2020-04-23 00:00:00 UTC,0.04307750229511422,0.0,125823.64977872891
2020-04-24 00:00:00 UTC,0.042777753696408,0.0,218611.61056125117
2020-04-25 00:00:00 UTC,0.03957277370673386,0.0,180610.45508981796
2020-04-26 00:00:00 UTC,0.04222664189940887,0.0,176762.3829470417
2020-04-27 00:00:00 UTC,0.042858995664700625,0.0,84948.76241661808
2020-04-28 00:00:00 UTC,0.04251474850521229,0.0,141246.95236020247
2020-04-29 00:00:00 UTC,0.043311418732802275,0.0,247410.51572356524
2020-04-30 00:00:00 UTC,0.04468790371110579,0.0,137281.43494959406
2020-05-01 00:00:00 UTC,0.04230120864804256,0.0,99278.39004151078
2020-05-02 00:00:00 UTC,0.044390104925137425,0.0,6821.1495391037415
2020-05-03 00:00:00 UTC,0.042726377809277925,0.0,8320.930615781757
2020-05-04 00:00:00 UTC,0.04130149032475958,0.0,109254.42184362614
2020-05-05 00:00:00 UTC,0.0420066108829675,0.0,122887.4045628978
2020-05-06 00:00:00 UTC,0.043147055278976915,0.0,12922.991272080963
2020-05-07 00:00:00 UTC,0.043939035106367694,0.0,92586.69183350324
2020-05-08 00:00:00 UTC,0.046394630170787834,0.0,98800.05129746589
2020-05-09 00:00:00 UTC,0.04192788076995448,0.0,9019.132316319528
2020-05-10 00:00:00 UTC,0.040463685118695414,0.0,131467.70937278352
2020-05-11 00:00:00 UTC,0.04151995863913992,0.0,323081.81815766066
2020-05-12 00:00:00 UTC,0.04114688986680012,0.0,250430.57282651446
2020-05-13 00:00:00 UTC,0.04000630425615615,0.0,2766.898606947089
2020-05-14 00:00:00 UTC,0.04661843329066317,0.0,3161.567805349048
2020-05-15 00:00:00 UTC,0.04812841039531046,0.0,2985.638930111716
2020-05-16 00:00:00 UTC,0.0449843464190786,0.0,2835.3047235338863
2020-05-17 00:00:00 UTC,0.05806129307241186,0.0,40627.821818111894
2020-05-18 00:00:00 UTC,0.060130599674350284,0.0,190403.93694361165
2020-05-19 00:00:00 UTC,0.06128194578239555,0.0,34677.353797622345
2020-05-20 00:00:00 UTC,0.06367013916155179,0.0,239306.86806021546
2020-05-21 00:00:00 UTC,0.058844154969744766,0.0,60608.43478490777
2020-05-22 00:00:00 UTC,0.056444203426767085,0.0,15231.937006332842
2020-05-23 00:00:00 UTC,0.05729719907940299,0.0,127166.36766381696
2020-05-24 00:00:00 UTC,0.05651497389223072,0.0,58457.71768948607
2020-05-25 00:00:00 UTC,0.046926572759847865,0.0,2160.6683191582288
2020-05-26 00:00:00 UTC,0.05386491403881639,0.0,7026.705273534386
2020-05-27 00:00:00 UTC,0.07371379892426415,0.0,22893.62772839538
2020-05-28 00:00:00 UTC,0.057953602713460776,0.0,105645.93485823987
2020-05-29 00:00:00 UTC,0.06289153239937714,0.0,232929.9119178845
2020-05-30 00:00:00 UTC,0.0618853577588679,0.0,228320.8005531924
2020-05-31 00:00:00 UTC,0.06513700508345555,0.0,198919.1835883147
2020-06-01 00:00:00 UTC,0.06145308601274521,0.0,212053.66245248725
2020-06-02 00:00:00 UTC,0.06154675483572646,0.0,235267.27592218257
2020-06-03 00:00:00 UTC,0.055308494645707765,0.0,109993.40841485701
2020-06-04 00:00:00 UTC,0.06021416139696208,0.0,7542.049589902281
2020-06-05 00:00:00 UTC,0.05916145320934692,0.0,152105.5094333212
2020-06-06 00:00:00 UTC,0.05676057854082975,0.0,163688.79889832446
2020-06-07 00:00:00 UTC,0.057883685355388015,0.0,203763.66498413976
2020-06-08 00:00:00 UTC,0.056667614971307255,0.0,125005.08310606457
2020-06-09 00:00:00 UTC,0.057066492729726075,0.0,148607.65201968784
2020-06-10 00:00:00 UTC,0.05807756841201535,0.0,190747.34578647095
2020-06-11 00:00:00 UTC,0.06175650558090528,0.0,143005.5230867677
2020-06-12 00:00:00 UTC,0.06774135038146765,0.0,97235.43750272605
2020-06-13 00:00:00 UTC,0.07148517237890974,0.0,99477.14894001403
2020-06-14 00:00:00 UTC,0.06058686293513011,0.0,20937.613876071686
2020-06-15 00:00:00 UTC,0.05845339082601747,0.0,69624.96839103111
2020-06-16 00:00:00 UTC,0.0602691603432358,0.0,88931.25864749272
2020-06-17 00:00:00 UTC,0.06315784941563722,0.0,97849.42808035901
2020-06-18 00:00:00 UTC,0.060073731060020834,0.0,9498.953312965004
2020-06-19 00:00:00 UTC,0.05912650412420245,0.0,12911.499364597743
2020-06-20 00:00:00 UTC,0.05952697933914842,0.0,15176.331651394416
2020-06-21 00:00:00 UTC,0.05975101249336149,0.0,16480.293064515543
2020-06-22 00:00:00 UTC,0.05493725757472777,0.0,2791.491602968183
2020-06-23 00:00:00 UTC,0.05549790216724889,0.0,2937.838780545714
2020-06-24 00:00:00 UTC,0.05786067393231804,0.0,18446.14709302521
2020-06-25 00:00:00 UTC,0.05679193727580559,0.0,52584.76214018411
2020-06-26 00:00:00 UTC,0.055680881224745175,0.0,330066.5083435117
2020-06-27 00:00:00 UTC,0.05370200097273687,0.0,259823.08941266823
2020-06-28 00:00:00 UTC,0.054183849368367586,0.0,112904.59994513766
2020-06-29 00:00:00 UTC,0.05396402137367445,0.0,20500.770957546563
2020-06-30 00:00:00 UTC,0.0544831636538745,0.0,62422.338903286276
2020-07-01 00:00:00 UTC,0.05375083347124239,0.0,103472.94212819022
2020-07-02 00:00:00 UTC,0.054756230522239525,0.0,29428.081467579137
2020-07-03 00:00:00 UTC,0.05383985866203102,0.0,44362.95440584864
2020-07-04 00:00:00 UTC,0.053658253617265395,0.0,72019.3564980376
2020-07-05 00:00:00 UTC,0.05414239006964472,0.0,85032.087154174
2020-07-06 00:00:00 UTC,0.05391746083203536,0.0,62674.29283078883
2020-07-07 00:00:00 UTC,0.05556936927525154,0.0,66775.50780163192
2020-07-08 00:00:00 UTC,0.055372391424229915,0.0,19691.77447542311
2020-07-09 00:00:00 UTC,0.05704235326664619,0.0,24699.068159113758
2020-07-10 00:00:00 UTC,0.05577403243246591,0.0,28513.15609872718
2020-07-11 00:00:00 UTC,0.055478062561919894,0.0,88794.83122000158
2020-07-12 00:00:00 UTC,0.05594840718462036,0.0,133706.68908811323
2020-07-13 00:00:00 UTC,0.05631376053534335,0.0,126042.87051439635
2020-07-14 00:00:00 UTC,0.05530979992176143,0.0,111325.18046532998
2020-07-15 00:00:00 UTC,0.05524122820552853,0.0,140292.30110456844
2020-07-16 00:00:00 UTC,0.055705712303711644,0.0,100438.42086931477
2020-07-17 00:00:00 UTC,0.05445555899207518,0.0,116409.65773230107
2020-07-18 00:00:00 UTC,0.054110565380600904,0.0,118753.80189907397
2020-07-19 00:00:00 UTC,0.054554841601705976,0.0,113360.29494967205
2020-07-20 00:00:00 UTC,0.05436520006499324,0.0,75054.22555692367
2020-07-21 00:00:00 UTC,0.05336625010474578,0.0,86697.11268086397
2020-07-22 00:00:00 UTC,0.05339224653292878,0.0,133247.53256341576
2020-07-23 00:00:00 UTC,0.05421096537693548,0.0,106839.719411786
2020-07-24 00:00:00 UTC,0.05447541353826144,0.0,87533.84268271671
2020-07-25 00:00:00 UTC,0.05540396040932262,0.0,84540.2654043972
2020-07-26 00:00:00 UTC,0.05529155495988478,0.0,96793.75313643465
2020-07-27 00:00:00 UTC,0.057451445187913334,0.0,127055.77777726023
2020-07-28 00:00:00 UTC,0.053086117165300144,0.0,146708.93805519387
2020-07-29 00:00:00 UTC,0.0540656497523699,0.0,141244.12497064008
2020-07-30 00:00:00 UTC,0.05700546615765697,0.0,129121.04542084184
2020-07-31 00:00:00 UTC,0.057166901789953296,0.0,142580.33164120305
2020-08-01 00:00:00 UTC,0.057640414840334,0.0,173064.43620997254
2020-08-02 00:00:00 UTC,0.05635719523625764,0.0,112949.01722788053
2020-08-03 00:00:00 UTC,0.05312979147237792,0.0,101683.04041259269
2020-08-04 00:00:00 UTC,0.05459893930480333,0.0,112311.83464789194
2020-08-05 00:00:00 UTC,0.0548459089860241,0.0,75343.24084659266
2020-08-06 00:00:00 UTC,0.055818525215241194,0.0,128743.14991063169
2020-08-07 00:00:00 UTC,0.054647823633838764,0.0,91505.22424273081
2020-08-08 00:00:00 UTC,0.05320321299229389,0.0,62456.586832723915
2020-08-09 00:00:00 UTC,0.05577233808240059,0.0,93221.24867679461
2020-08-10 00:00:00 UTC,0.05470982345838718,0.0,49917.199800260525
2020-08-11 00:00:00 UTC,0.05440665463717294,0.0,32560.772789461356
2020-08-12 00:00:00 UTC,0.04584583164704946,0.0,35233.87887081931
2020-08-13 00:00:00 UTC,0.05420291322395442,0.0,11915.731293004837
2020-08-14 00:00:00 UTC,0.05486991947532836,0.0,9218.42520520383
2020-08-15 00:00:00 UTC,0.053599338728686156,0.0,48700.09172224334
2020-08-16 00:00:00 UTC,0.054275212447905855,0.0,77669.34054153001
2020-08-17 00:00:00 UTC,0.05285076699393307,0.0,102921.08677447913
2020-08-18 00:00:00 UTC,0.05528697398551984,0.0,56689.25247934749
2020-08-19 00:00:00 UTC,0.051214294454620744,0.0,56797.80631704641
2020-08-20 00:00:00 UTC,0.05128755483071714,0.0,101993.29941955415
2020-08-21 00:00:00 UTC,0.05137308113085605,0.0,107494.66767795787
2020-08-22 00:00:00 UTC,0.050930194234258284,0.0,85894.03267860375
2020-08-23 00:00:00 UTC,0.05177508524558111,0.0,82517.61025918848
2020-08-24 00:00:00 UTC,0.05029892423201225,0.0,77272.00794366836
2020-08-25 00:00:00 UTC,0.04954171969943416,0.0,85236.51035281573
2020-08-26 00:00:00 UTC,0.04851321155455766,0.0,68237.39409732912
2020-08-27 00:00:00 UTC,0.049741515521757755,0.0,94822.98101265768
2020-08-28 00:00:00 UTC,0.04988609275206055,0.0,31150.389428252478
2020-08-29 00:00:00 UTC,0.051937098776374646,0.0,10464.235502154625
2020-08-30 00:00:00 UTC,0.051469516443099377,0.0,23770.57819289262
2020-08-31 00:00:00 UTC,0.05273063948932461,0.0,2201.4093607933733
2020-09-01 00:00:00 UTC,0.05246242916406885,0.0,18023.115253903085
2020-09-02 00:00:00 UTC,0.05492421065090021,0.0,33341.273340763655
2020-09-03 00:00:00 UTC,0.05333005030791287,0.0,29298.725306792865
2020-09-04 00:00:00 UTC,0.05982532950241517,0.0,135955.12307756784
2020-09-05 00:00:00 UTC,0.06780294182789322,0.0,171294.99307009662
2020-09-06 00:00:00 UTC,0.07050109225476556,0.0,202277.00966581723
2020-09-07 00:00:00 UTC,0.07473513526048281,0.0,232821.64432237105
2020-09-08 00:00:00 UTC,0.0821005359169654,0.0,272289.15698652505
2020-09-09 00:00:00 UTC,0.08547660973469112,0.0,304944.48168904294
2020-09-10 00:00:00 UTC,0.08359991148207911,0.0,351310.20050415816
2020-09-11 00:00:00 UTC,0.0836007004365983,0.0,362042.88239039504
2020-09-12 00:00:00 UTC,0.0826057591294936,0.0,312867.10113127227
2020-09-13 00:00:00 UTC,0.0804548107468232,0.0,300115.7266919428
2020-09-14 00:00:00 UTC,0.08036431859336662,0.0,301815.1046275797
2020-09-15 00:00:00 UTC,0.08298168122283472,0.0,405335.65344814764
2020-09-16 00:00:00 UTC,0.08305103149728577,0.0,586384.5173569999
2020-09-17 00:00:00 UTC,0.0824116980939219,0.0,475638.3847351052
2020-09-18 00:00:00 UTC,0.08329839386739693,0.0,412173.5797523896
2020-09-19 00:00:00 UTC,0.08463215103604305,0.0,570469.3025823451
2020-09-20 00:00:00 UTC,0.0846809070851575,0.0,412800.752033674
2020-09-21 00:00:00 UTC,0.08470401707611552,0.0,546626.9600068898
2020-09-22 00:00:00 UTC,0.08073649256762917,0.0,433859.64390307484
2020-09-23 00:00:00 UTC,0.08268374682358444,0.0,501563.6412973647
2020-09-24 00:00:00 UTC,0.0826159100293443,0.0,572429.4972340997
2020-09-25 00:00:00 UTC,0.08539768324772412,0.0,555132.5940132451
2020-09-26 00:00:00 UTC,0.08482176338488703,0.0,437582.822285347
2020-09-27 00:00:00 UTC,0.08645891431904315,0.0,460378.07085830386
2020-09-28 00:00:00 UTC,0.08411308962763833,0.0,455203.4781866698
2020-09-29 00:00:00 UTC,0.08508319550554136,0.0,469873.0507706426
2020-09-30 00:00:00 UTC,0.08544683902527433,0.0,336861.1458913673
2020-10-01 00:00:00 UTC,0.0845477101000207,0.0,377771.6299183114
2020-10-02 00:00:00 UTC,0.0805247029193478,0.0,421119.85252600134
2020-10-03 00:00:00 UTC,0.07809705552958256,0.0,399640.3797461123
2020-10-04 00:00:00 UTC,0.08016124841276337,0.0,459141.5228073705
2020-10-05 00:00:00 UTC,0.08237066967428278,0.0,398041.0274730458
2020-10-06 00:00:00 UTC,0.08323640262167965,0.0,417661.59869561304
2020-10-07 00:00:00 UTC,0.08115467757532731,0.0,415944.98713175097
2020-10-08 00:00:00 UTC,0.07966208021364361,0.0,453519.78011446656
2020-10-09 00:00:00 UTC,0.08363463984978536,0.0,578917.5413753341
2020-10-10 00:00:00 UTC,0.08435890387474078,0.0,274753.5128102937
2020-10-11 00:00:00 UTC,0.08497154254311862,0.0,456007.8607662671
2020-10-12 00:00:00 UTC,0.08409979183554589,0.0,316511.2241184315
2020-10-13 00:00:00 UTC,0.08486714039348846,0.0,280504.3135313183
2020-10-14 00:00:00 UTC,0.08237918764462801,0.0,46310.01451452117
2020-10-15 00:00:00 UTC,0.08263765343111798,0.0,45571.192870143466
2020-10-16 00:00:00 UTC,0.08013232519158311,0.0,47680.98352161015
2020-10-17 00:00:00 UTC,0.07965809027438671,0.0,350764.82323281316
2020-10-18 00:00:00 UTC,0.07873246052835123,0.0,394582.1416873494
2020-10-19 00:00:00 UTC,0.08012979435371737,0.0,185467.26839216784
2020-10-20 00:00:00 UTC,0.08069418384218678,0.0,278764.41761280753
2020-10-21 00:00:00 UTC,0.08206584611088759,0.0,308937.52043949673
2020-10-22 00:00:00 UTC,0.08157901334588204,0.0,444110.02466805826
2020-10-23 00:00:00 UTC,0.08265474980164139,0.0,559388.6995019699
2020-10-24 00:00:00 UTC,0.08046349268693077,0.0,501767.7300417156
2020-10-25 00:00:00 UTC,0.08485048227465221,0.0,408780.1129780733
2020-10-26 00:00:00 UTC,0.0830184499741828,0.0,453095.4426780027
2020-10-27 00:00:00 UTC,0.0846522060628326,0.0,427213.2853179419
2020-10-28 00:00:00 UTC,0.08591125244781837,0.0,514316.3029962047
2020-10-29 00:00:00 UTC,0.0818781773027887,0.0,497261.9798658878
2020-10-30 00:00:00 UTC,0.09051736209364111,0.0,515700.1567068323
2020-10-31 00:00:00 UTC,0.08999455194528512,0.0,659443.9862991367
2020-11-01 00:00:00 UTC,0.08514822646186332,0.0,656355.8107477827
2020-11-02 00:00:00 UTC,0.08464612626424613,0.0,578981.5202274693
2020-11-03 00:00:00 UTC,0.08788051770966772,0.0,701660.495178726
2020-11-04 00:00:00 UTC,0.0881531358161787,0.0,775372.7252322133
2020-11-05 00:00:00 UTC,0.08529318218128443,0.0,645009.9032524027
2020-11-06 00:00:00 UTC,0.0925121213648775,0.0,213924.32566784794
2020-11-07 00:00:00 UTC,0.08973505266817278,0.0,137803.65551478628
2020-11-08 00:00:00 UTC,0.08741269870363792,0.0,73549.47040380693
2020-11-09 00:00:00 UTC,0.0915035310038261,0.0,87601.66068056502
2020-11-10 00:00:00 UTC,0.08721892981525275,0.0,78543.65446976987
2020-11-11 00:00:00 UTC,0.07974068795531367,0.0,80417.98254277211
2020-11-12 00:00:00 UTC,0.08484176276470044,0.0,97959.7913357272
2020-11-13 00:00:00 UTC,0.07647438914362437,0.0,99775.12622023583
2020-11-14 00:00:00 UTC,0.07901741746621826,0.0,116221.90436801389
2020-11-15 00:00:00 UTC,0.08322787562695168,0.0,44667.33092834844
2020-11-16 00:00:00 UTC,0.07766872190328786,0.0,81165.57003372112
2020-11-17 00:00:00 UTC,0.07887130988629648,0.0,380538.0413073803
2020-11-18 00:00:00 UTC,0.08493365506904768,0.0,690202.4495476154
2020-11-19 00:00:00 UTC,0.07714019522001783,0.0,654069.4506575986
2020-11-20 00:00:00 UTC,0.07744958262808113,0.0,576487.6936913664
2020-11-21 00:00:00 UTC,0.0790485360231096,0.0,372469.0703617869
2020-11-22 00:00:00 UTC,0.07877732455873383,0.0,513852.3448357427
2020-11-23 00:00:00 UTC,0.0795846328376814,0.0,243627.80061187528
2020-11-24 00:00:00 UTC,0.07730163532420355,0.0,539750.7145073768
2020-11-25 00:00:00 UTC,0.07686315498180238,0.0,490371.0368813466
2020-11-26 00:00:00 UTC,0.07367794776312492,0.0,17778.836417847095
2020-11-27 00:00:00 UTC,0.07325254775529402,0.0,62276.45973476019
2020-11-28 00:00:00 UTC,0.07247287408619939,0.0,223810.82649774646
2020-11-29 00:00:00 UTC,0.07608314327222375,0.0,13132.31740839989
2020-11-30 00:00:00 UTC,0.08071666688435902,0.0,236746.6647596303
2020-12-01 00:00:00 UTC,0.0798180538707863,0.0,593635.9621948712
2020-12-02 00:00:00 UTC,0.08021471047391103,0.0,148346.80583876363
2020-12-03 00:00:00 UTC,0.07689612779523351,0.0,491036.29039046494
2020-12-04 00:00:00 UTC,0.07444580030153856,0.0,5111.411375950112
2020-12-05 00:00:00 UTC,0.07075492060985006,0.0,3801.506885511496
2020-12-06 00:00:00 UTC,0.076549449550774,0.0,284364.03027049155
2020-12-07 00:00:00 UTC,0.0771856682140331,0.0,544260.7378490907
2020-12-08 00:00:00 UTC,0.07372570024945228,0.0,661229.1567756011
2020-12-09 00:00:00 UTC,0.07258755155151636,0.0,223258.69184405037
2020-12-10 00:00:00 UTC,0.07517454649575031,0.0,644893.4431011808
2020-12-11 00:00:00 UTC,0.07612571928880527,0.0,603640.1963944149
2020-12-12 00:00:00 UTC,0.07515021232114819,0.0,484963.4942226037
2020-12-13 00:00:00 UTC,0.07724065130826815,0.0,600465.8176391153
2020-12-14 00:00:00 UTC,0.07720079084389896,0.0,729185.6709796679
2020-12-15 00:00:00 UTC,0.07552292073723375,0.0,701663.4300413985
2020-12-16 00:00:00 UTC,0.07619147866109827,0.0,535485.3120032051
2020-12-17 00:00:00 UTC,0.08317259770557443,0.0,773133.2858255878
2020-12-18 00:00:00 UTC,0.07570814471993534,0.0,722678.3637949439
2020-12-19 00:00:00 UTC,0.07048557214159551,0.0,588166.6332365518
2020-12-20 00:00:00 UTC,0.08534417914237585,0.0,873047.7413669223
2020-12-21 00:00:00 UTC,0.07621739539760447,0.0,423650.01065816614
2020-12-22 00:00:00 UTC,0.07631164668215086,0.0,707131.9349303745
2020-12-23 00:00:00 UTC,0.08001388405381088,0.0,734685.212854499
2020-12-24 00:00:00 UTC,0.07420649862605182,0.0,733353.2700651881
2020-12-25 00:00:00 UTC,0.07723735591384193,0.0,724392.0949503809
2020-12-26 00:00:00 UTC,0.07901040282162496,0.0,735563.503792659
2020-12-27 00:00:00 UTC,0.07835193542578561,0.0,727411.7243326622
2020-12-28 00:00:00 UTC,0.07409867414839515,0.0,706156.309129034
2020-12-29 00:00:00 UTC,0.07515727591873443,0.0,592974.2278895101
2020-12-30 00:00:00 UTC,0.0797377267851481,0.0,747212.6372041533
2020-12-31 00:00:00 UTC,0.07901043697945542,0.0,568368.051744128
2021-01-01 00:00:00 UTC,0.07486399512913611,0.0,592351.7644269692
2021-01-02 00:00:00 UTC,0.07660790983020013,0.0,766490.5125273285
2021-01-03 00:00:00 UTC,0.08102035174360939,0.0,558733.8416009241
2021-01-04 00:00:00 UTC,0.07610783859943265,0.0,637937.9336751074
2021-01-05 00:00:00 UTC,0.07341926489415977,0.0,281810.3900744776
2021-01-06 00:00:00 UTC,0.08009572260835553,0.0,182331.33839846475
2021-01-07 00:00:00 UTC,0.07671537536890391,0.0,681393.9776046352
2021-01-08 00:00:00 UTC,0.0733214585800649,0.0,696352.5369136746
2021-01-09 00:00:00 UTC,0.07567523584830849,0.0,608433.3727844954
2021-01-10 00:00:00 UTC,0.07454997428792115,0.0,577695.352794562
2021-01-11 00:00:00 UTC,0.07058485398989385,0.0,621959.9046511214
2021-01-12 00:00:00 UTC,0.07821334832264913,0.0,554463.6051331789
2021-01-13 00:00:00 UTC,0.06987452313271657,0.0,138811.63109780315
2021-01-14 00:00:00 UTC,0.08104196511387989,0.0,260847.42850665058
2021-01-15 00:00:00 UTC,0.08133272266044232,0.0,333519.8789648443
2021-01-16 00:00:00 UTC,0.07609567000727988,0.0,638450.5525979019
2021-01-17 00:00:00 UTC,0.07379888753040269,0.0,274997.8291376109
2021-01-18 00:00:00 UTC,0.07605899822658899,0.0,386741.653326971
2021-01-19 00:00:00 UTC,0.07471912002816414,0.0,774111.1789750912
2021-01-20 00:00:00 UTC,0.07389534186107319,0.0,733473.5791519409
2021-01-21 00:00:00 UTC,0.08110734023178062,0.0,204080.5231873206
2021-01-22 00:00:00 UTC,0.0730343695527967,0.0,395258.442454046
2021-01-23 00:00:00 UTC,0.07593494214106335,0.0,482285.7472954825
2021-01-24 00:00:00 UTC,0.07736273019659504,0.0,511776.5014588708
2021-01-25 00:00:00 UTC,0.07462331598594546,0.0,138983.53660141022
2021-01-26 00:00:00 UTC,0.07437851012343462,0.0,406232.48221411806
2021-01-27 00:00:00 UTC,0.07775528480021571,0.0,540859.1252517806
2021-01-28 00:00:00 UTC,0.07835664612709628,0.0,475994.63934844855
2021-01-29 00:00:00 UTC,0.08147619522750316,0.0,528007.7963470448
2021-01-30 00:00:00 UTC,0.07685722138513375,0.0,226331.22029231366
2021-01-31 00:00:00 UTC,0.08192407264250832,0.0,31677.916328100488
2021-02-01 00:00:00 UTC,0.08249091954168573,0.0,249107.59877698208
2021-02-02 00:00:00 UTC,0.08055983549182494,0.0,11508.281941429852
2021-02-03 00:00:00 UTC,0.08479477179949839,0.0,16842.932867367348
2021-02-04 00:00:00 UTC,0.08168878989140564,0.0,3101.402817259615
2021-02-05 00:00:00 UTC,0.08185639924729735,0.0,291835.36295908404
2021-02-06 00:00:00 UTC,0.08397611659369086,0.0,460900.3535530759
2021-02-07 00:00:00 UTC,0.08375903342018169,0.0,747519.0141717343
2021-02-08 00:00:00 UTC,0.08190527543741598,0.0,790023.685297275
2021-02-09 00:00:00 UTC,0.08591580695355412,0.0,601517.2671815322
2021-02-10 00:00:00 UTC,0.07686865096267649,0.0,696720.2379541651
2021-02-11 00:00:00 UTC,0.07976941011182213,0.0,782008.827406327
2021-02-12 00:00:00 UTC,0.07684662045418132,0.0,599376.8534084887
2021-02-13 00:00:00 UTC,0.07872654201506886,0.0,724479.5522061717
2021-02-14 00:00:00 UTC,0.08124582498957457,0.0,809136.5707013302
2021-02-15 00:00:00 UTC,0.08421009382948809,0.0,701905.8210599464
2021-02-16 00:00:00 UTC,0.08345520380980263,0.0,444160.725315108
2021-02-17 00:00:00 UTC,0.09493459537359401,0.0,581653.1752069116
2021-02-18 00:00:00 UTC,0.09352818997152873,0.0,224004.15101924897
2021-02-19 00:00:00 UTC,0.10997207582608166,0.0,760973.8768305646
2021-02-20 00:00:00 UTC,0.1200980481826914,0.0,1044451.9276301183
2021-02-21 00:00:00 UTC,0.10041180599579812,0.0,427617.4913736105
2021-02-22 00:00:00 UTC,0.0942105898894445,0.0,149867.69515885104
2021-02-23 00:00:00 UTC,0.08940516147305495,0.0,523246.8036707035
2021-02-24 00:00:00 UTC,0.09200653779612256,0.0,948076.5741567219
2021-02-25 00:00:00 UTC,0.0926782083525135,0.0,851682.1448427585
2021-02-26 00:00:00 UTC,0.09014639617560119,0.0,715517.686630327
2021-02-27 00:00:00 UTC,0.0884643656827279,0.0,556334.0150804729
2021-02-28 00:00:00 UTC,0.09061050404275806,0.0,106851.0796474357
2021-03-01 00:00:00 UTC,0.07347770577856205,0.0,48396.91374727711
2021-03-02 00:00:00 UTC,0.11171776211095791,0.0,45989.33852696253
2021-03-03 00:00:00 UTC,0.0822066086504793,0.0,4441.622981831421
2021-03-04 00:00:00 UTC,0.0850085862486343,0.0,4121.065807032051
2021-03-05 00:00:00 UTC,0.08791215534540127,0.0,917.67738114795
2021-03-06 00:00:00 UTC,0.08097007780780449,0.0,12560.57353475393
2021-03-07 00:00:00 UTC,0.07621076051795808,0.0,10760.801591281299
2021-03-08 00:00:00 UTC,0.0811698699059785,0.0,1974.7567549953371
2021-03-09 00:00:00 UTC,0.08168229905344547,0.0,12977.49422054827
2021-03-10 00:00:00 UTC,0.08796929318167533,0.0,21096.684575095413
2021-03-11 00:00:00 UTC,0.08587542213511071,0.0,13795.05792202415
2021-03-12 00:00:00 UTC,0.07862569973181423,0.0,6803.63934149854
2021-03-13 00:00:00 UTC,0.08491942370105023,0.0,6489.260026694838
2021-03-14 00:00:00 UTC,0.08089719052477626,0.0,31846.309998092343
2021-03-15 00:00:00 UTC,0.07436261663048883,0.0,3029.8269111245695
2021-03-16 00:00:00 UTC,0.07892702653296202,0.0,18783.75531407676
2021-03-17 00:00:00 UTC,0.07818619518092712,0.0,23814.90915511658
2021-03-18 00:00:00 UTC,0.09683631426286031,0.0,2.420907856571508
2021-03-19 00:00:00 UTC,0.13759042500530239,0.0,4.127712750159072
2021-03-20 00:00:00 UTC,0.09609881241788698,0.0,40106.06642180821
2021-03-21 00:00:00 UTC,0.07677989001960574,0.0,2776.2827918170956
2021-03-22 00:00:00 UTC,0.07590339615902485,0.0,21115.947022053093
2021-03-23 00:00:00 UTC,0.0767831383651598,0.0,22963.37903906624
2021-03-24 00:00:00 UTC,0.0701440869041982,0.0,11847.354524994296
2021-03-25 00:00:00 UTC,0.06882779685826794,0.0,8570.601408437306
2021-03-26 00:00:00 UTC,0.07299765742885352,0.0,15145.814255799916
2021-03-27 00:00:00 UTC,0.07293759304853704,0.0,7803.1889227129695
2021-03-28 00:00:00 UTC,0.07677101151523633,0.0,5448.789860267805
2021-03-29 00:00:00 UTC,0.07485804506407552,0.0,1414.771943437204
2021-03-30 00:00:00 UTC,0.07688911220926237,0.0,16417.992025006082
2021-03-31 00:00:00 UTC,0.07938200555010544,0.0,79.43576179558502
2021-04-01 00:00:00 UTC,0.06998236358023668,0.0,27.706175854669212
2021-04-02 00:00:00 UTC,0.07516071708867149,0.0,19805.239763189475
2021-04-03 00:00:00 UTC,0.08007931214341155,0.0,68107.16320081019
2021-04-04 00:00:00 UTC,0.07878917040796198,0.0,431.91979686306996
2021-04-05 00:00:00 UTC,0.07780128978267853,0.0,2408.00302107166
2021-04-06 00:00:00 UTC,0.0682758092611182,0.0,1030.660479581056
2021-04-07 00:00:00 UTC,0.06457942140671825,0.0,8742.521095711663
2021-04-08 00:00:00 UTC,0.06386086145211295,0.0,8016.113329982765
2021-04-09 00:00:00 UTC,0.06831198093454899,0.0,9233.189936650077
2021-04-10 00:00:00 UTC,0.05958107754648204,0.0,302.05083659975736
2021-04-11 00:00:00 UTC,0.07145195967820332,0.0,5464.401563189328
2021-04-12 00:00:00 UTC,0.07992581233190842,0.0,160.77317109112263
2021-04-13 00:00:00 UTC,0.06706943998998838,0.0,2910.051636908256
2021-04-14 00:00:00 UTC,0.06838830464139627,0.0,5959.402658254991
2021-04-15 00:00:00 UTC,0.06851701732054265,0.0,8607.937522679966
2021-04-16 00:00:00 UTC,0.06016558212894201,0.0,11100.203858647465
2021-04-17 00:00:00 UTC,0.06500195434450541,0.0,10262.562865229795
2021-04-18 00:00:00 UTC,0.06067826252257122,0.0,3915.7407010044567
2021-04-19 00:00:00 UTC,0.05880950162615778,0.0,4222.503601560162
2021-04-20 00:00:00 UTC,0.06002735657815891,0.0,4938.067016951538
2021-04-21 00:00:00 UTC,0.06198993052531896,0.0,1248.0745673867177
2021-04-22 00:00:00 UTC,0.05849298802030349,0.0,4120.971139630183
2021-04-23 00:00:00 UTC,0.05645144700947564,0.0,675.561391938817
2021-04-24 00:00:00 UTC,0.06039931699830657,0.0,1832.5120800930351
2021-04-25 00:00:00 UTC,0.04881954535753219,0.0,518.2165674131371
2021-04-26 00:00:00 UTC,0.05917638945124884,0.0,7787.228721474973
2021-04-27 00:00:00 UTC,0.06309663677038285,0.0,1256.8093633323997
2021-04-28 00:00:00 UTC,0.06328329069111167,0.0,6812.358820272144
2021-04-29 00:00:00 UTC,0.06124660715201885,0.0,1609.825890875689
2021-04-30 00:00:00 UTC,0.06466866303558509,0.0,67236.73926107175
2021-05-01 00:00:00 UTC,0.06872859790146958,0.0,971185.3523069095
2021-05-02 00:00:00 UTC,0.06577196188671888,0.0,275255.1582815925
2021-05-03 00:00:00 UTC,0.06254097346191974,0.0,209948.93260552696
2021-05-04 00:00:00 UTC,0.06067294378895994,0.0,269225.41951897414
2021-05-05 00:00:00 UTC,0.05930977298002357,0.0,289690.88867973443
2021-05-06 00:00:00 UTC,0.06348557136054413,0.0,262878.902453901
2021-05-07 00:00:00 UTC,0.06439888847831006,0.0,261974.99212886248
2021-05-08 00:00:00 UTC,0.05996317732202264,0.0,169131.0099579984
2021-05-09 00:00:00 UTC,0.05929509873592026,0.0,190435.64660351476
2021-05-10 00:00:00 UTC,0.06049611197981083,0.0,130150.39556337474
2021-05-11 00:00:00 UTC,0.05745919265303898,0.0,116675.26477143775
2021-05-12 00:00:00 UTC,0.054853447624331496,0.0,154523.4403986705
2021-05-13 00:00:00 UTC,0.05198120816943934,0.0,158750.58546998634
2021-05-14 00:00:00 UTC,0.051770314864957825,0.0,169757.8541537581
2021-05-15 00:00:00 UTC,0.05379912134650133,0.0,195738.41864251407
2021-05-16 00:00:00 UTC,0.05198758868995528,0.0,107285.29472484658
2021-05-17 00:00:00 UTC,0.054193573586010776,0.0,225535.92727522663
2021-05-18 00:00:00 UTC,0.0519568340130526,0.0,189575.91845283067
2021-05-19 00:00:00 UTC,0.05347108876233563,0.0,207335.50660978895
2021-05-20 00:00:00 UTC,0.04779266567947235,0.0,151607.34868235962
2021-05-21 00:00:00 UTC,0.05609024351222848,0.0,129888.14177964217
2021-05-22 00:00:00 UTC,0.052661030940850444,0.0,89593.89227450202
2021-05-23 00:00:00 UTC,0.05298892839143796,0.0,70121.15900722207
2021-05-24 00:00:00 UTC,0.05171842854554808,0.0,69753.62363065901
2021-05-25 00:00:00 UTC,0.05439679713870635,0.0,59076.80022483904
2021-05-26 00:00:00 UTC,0.053609434335884415,0.0,140716.62696755148
2021-05-27 00:00:00 UTC,0.056886892668745144,0.0,147066.94626400952
2021-05-28 00:00:00 UTC,0.05748045117883208,0.0,188801.26652573943
2021-05-29 00:00:00 UTC,0.05866566824928101,0.0,179769.27527480962
2021-05-30 00:00:00 UTC,0.05735215511159994,0.0,182475.5469952763
2021-05-31 00:00:00 UTC,0.05822623598348129,0.0,115866.98381456728
2021-06-01 00:00:00 UTC,0.06344039395765029,0.0,138542.97610496436
2021-06-02 00:00:00 UTC,0.06189576309828336,0.0,210455.51858136553
2021-06-03 00:00:00 UTC,0.061288172177467376,0.0,531709.2004370115
2021-06-04 00:00:00 UTC,0.0646843347223314,0.0,528846.228982029
2021-06-05 00:00:00 UTC,0.0612750456291975,0.0,440233.82940215926
2021-06-06 00:00:00 UTC,0.05667184708402474,0.0,382712.3571711234
2021-06-07 00:00:00 UTC,0.057621121974262786,0.0,419374.15044461895
2021-06-08 00:00:00 UTC,0.05443079982422371,0.0,363650.57791819645
2021-06-09 00:00:00 UTC,0.06190403140279147,0.0,427040.1942482501
2021-06-10 00:00:00 UTC,0.12270879047965305,0.0,572509.0043603076
2021-06-11 00:00:00 UTC,0.06840064892487155,0.0,281656.32173290604
2021-06-12 00:00:00 UTC,0.07028512575433565,0.0,43541.17474903316
2021-06-13 00:00:00 UTC,0.0668219646023526,0.0,177187.00619868544
2021-06-14 00:00:00 UTC,0.07162078339071448,0.0,122473.39632280866
2021-06-15 00:00:00 UTC,0.07144357621254344,0.0,122753.98166026418
2021-06-16 00:00:00 UTC,0.07169105986923226,0.0,126729.9209113706
2021-06-17 00:00:00 UTC,0.06889490545881181,0.0,143057.71280175087
2021-06-18 00:00:00 UTC,0.07174351364489619,0.0,191785.6941228977
2021-06-19 00:00:00 UTC,0.06947378801349648,0.0,174240.86779004754
2021-06-20 00:00:00 UTC,0.06892759443374086,0.0,61270.62691689598
2021-06-21 00:00:00 UTC,0.07693639282043219,0.0,62995.69602578269
2021-06-22 00:00:00 UTC,0.06848980293569089,0.0,83136.26385874566
2021-06-23 00:00:00 UTC,0.07463425049527261,0.0,95762.40459427716
2021-06-24 00:00:00 UTC,0.07371275805183874,0.0,121286.02796616832
2021-06-25 00:00:00 UTC,0.07336809220532022,0.0,140065.98052605393
2021-06-26 00:00:00 UTC,0.07223760552379176,0.0,170241.30475955384
2021-06-27 00:00:00 UTC,0.07478916952871847,0.0,297061.3166192843
2021-06-28 00:00:00 UTC,0.08460269689695961,0.0,270973.6150410783
2021-06-29 00:00:00 UTC,0.07729766224686602,0.0,185809.88172712017
2021-06-30 00:00:00 UTC,0.08017040284506671,0.0,184940.19107447512
2021-07-01 00:00:00 UTC,0.07965480196192506,0.0,167813.80702873014
2021-07-02 00:00:00 UTC,0.07396925766625496,0.0,95063.70126049551
2021-07-03 00:00:00 UTC,0.07073597351148692,0.0,103693.27359206555
2021-07-04 00:00:00 UTC,0.07342837816364453,0.0,193453.55897792356
2021-07-05 00:00:00 UTC,0.0729544111040738,0.0,263624.48382327455
2021-07-06 00:00:00 UTC,0.07248141788005276,0.0,216293.8925719544
2021-07-07 00:00:00 UTC,0.07044353922292834,0.0,156697.79014162155
2021-07-08 00:00:00 UTC,0.07013001266689849,0.0,121398.00450256727
2021-07-09 00:00:00 UTC,0.07309982149892665,0.0,102720.27732860514
2021-07-10 00:00:00 UTC,0.07588145594737486,0.0,322335.69882134686
2021-07-11 00:00:00 UTC,0.06037209286067498,0.0,327546.68214797525
2021-07-12 00:00:00 UTC,0.07507009574314244,0.0,323854.4580378342
2021-07-13 00:00:00 UTC,0.07248759945151839,0.0,366305.3796623839
2021-07-14 00:00:00 UTC,0.07557387190160436,0.0,158211.9121009123
2021-07-15 00:00:00 UTC,0.07806325112471639,0.0,72325.71928336154
2021-07-16 00:00:00 UTC,0.08060490803374201,0.0,220075.26913152932
2021-07-17 00:00:00 UTC,0.08422634631161077,0.0,203699.14699725248
2021-07-18 00:00:00 UTC,0.09188027214928011,0.0,272253.92477062927
2021-07-19 00:00:00 UTC,0.09127744298856404,0.0,257190.31420541045
2021-07-20 00:00:00 UTC,0.0892327912236459,0.0,153291.95597363907
2021-07-21 00:00:00 UTC,0.0877849271984135,0.0,235111.05798740947
2021-07-22 00:00:00 UTC,0.09249739550485406,0.0,313450.79839569086
2021-07-23 00:00:00 UTC,0.08969889851525326,0.0,335120.21817801934
2021-07-24 00:00:00 UTC,0.09176984024713511,0.0,324248.63414515124
2021-07-25 00:00:00 UTC,0.09082493251876886,0.0,331228.17760925036
2021-07-26 00:00:00 UTC,0.09267955936238434,0.0,535291.2942001971
2021-07-27 00:00:00 UTC,0.0899488986531421,0.0,539685.9881872024
2021-07-28 00:00:00 UTC,0.09323728612364016,139747324.5899417,522749.6423362791
2021-07-29 00:00:00 UTC,0.09433613345171557,141504200.17757335,471181.6351785749
2021-07-30 00:00:00 UTC,0.0945303448315238,141128610.62561798,204645.29747395133
2021-07-31 00:00:00 UTC,0.09776077389794989,146466399.65882555,297213.24832497205
2021-08-01 00:00:00 UTC,0.09308591651773465,139550383.96670964,137741.04555487985
2021-08-02 00:00:00 UTC,0.08639019653177585,129585294.79766378,51214.68297551944
2021-08-03 00:00:00 UTC,0.08843630499485267,132654457.49227901,230431.79133836637
2021-08-04 00:00:00 UTC,0.08872948415822322,133093552.79007927,456547.47512943717
2021-08-05 00:00:00 UTC,0.09063307262166317,135970810.6581179,516158.1059282253
2021-08-06 00:00:00 UTC,0.09459346628920356,142016927.4837877,619763.0114243018
2021-08-07 00:00:00 UTC,0.09385940001415341,140952178.39794543,261139.07672681846
2021-08-08 00:00:00 UTC,0.09304077460409987,139144688.46852022,63193.1710172362
2021-08-09 00:00:00 UTC,0.09376420704376028,141489482.16860756,314606.0584653879
2021-08-10 00:00:00 UTC,0.09805279364237966,145050440.48294094,520720.88168454584
2021-08-11 00:00:00 UTC,0.09544511755086363,142987105.0676239,663397.9116188226
2021-08-12 00:00:00 UTC,0.09502754576431106,142569921.92344117,744329.4225645105
2021-08-13 00:00:00 UTC,0.09649070399748984,144526577.19530326,964604.1352382945
2021-08-14 00:00:00 UTC,0.10398286853128742,155980824.94518015,889539.2940342594
2021-08-15 00:00:00 UTC,0.10226659891870335,153399898.37805495,894753.7999059244
2021-08-16 00:00:00 UTC,0.10245704008413008,153765686.79938054,749011.909254154
2021-08-17 00:00:00 UTC,0.10110204038614731,152187164.62510064,977257.2482921947
2021-08-18 00:00:00 UTC,0.11480277894526657,172414400.07180706,680396.8814787759
2021-08-19 00:00:00 UTC,0.09829868423238498,147448026.34857747,496549.48167841724
2021-08-20 00:00:00 UTC,0.10357843144842681,153581704.90444905,307905.3338055709
2021-08-21 00:00:00 UTC,0.10448775311573344,156751912.55577105,682266.6762202557
2021-08-22 00:00:00 UTC,0.1029545935636081,154596736.6975434,793798.4265101295
2021-08-23 00:00:00 UTC,0.10434340101141235,156507044.25614265,717478.7233393264
2021-08-24 00:00:00 UTC,0.09992101162447455,150002867.11815435,238160.15378691602
2021-08-25 00:00:00 UTC,0.09723004154424586,146229059.54905698,160983.39231028908
2021-08-26 00:00:00 UTC,0.10126082830671587,151916086.253877,113157.54220314663
2021-08-27 00:00:00 UTC,0.10156789552449497,152148801.30455086,189339.66606797645
2021-08-28 00:00:00 UTC,0.10520862998831644,157948669.4585094,395083.5541907882
2021-08-29 00:00:00 UTC,0.10751059177006038,161013093.557889,156372.9277414084
2021-08-30 00:00:00 UTC,0.1021131419861373,153169712.97920594,109118.44836641458
2021-08-31 00:00:00 UTC,0.10130481137854387,152233403.31282794,250876.06204254017
2021-09-01 00:00:00 UTC,0.0998315089822866,149747263.4734299,211972.31064924443
2021-09-02 00:00:00 UTC,0.10297608007917788,154516342.31509006,174474.48543537554
2021-09-03 00:00:00 UTC,0.1026373148149961,152421719.2229604,118293.67353409065
2021-09-04 00:00:00 UTC,0.10688864844376622,159926553.13960335,525538.4095644092
2021-09-05 00:00:00 UTC,0.10487051298344659,157239300.7100436,309940.0051752445
2021-09-06 00:00:00 UTC,0.11454332911179892,170342791.34421346,362606.46402965643
2021-09-07 00:00:00 UTC,0.10795385252167934,160474370.43286514,913775.5814519903
2021-09-08 00:00:00 UTC,0.1000871441720466,150130948.8844671,832855.0967574745
2021-09-09 00:00:00 UTC,0.10085413957169319,151533791.71789724,1111782.9567004459
2021-09-10 00:00:00 UTC,0.11319213227474652,169956669.0087345,1107884.1837836828
2021-09-11 00:00:00 UTC,0.10301747207985582,152554348.43542156,775002.445581284
2021-09-12 00:00:00 UTC,0.1061732177649802,159275553.0900048,785693.8929648469
2021-09-13 00:00:00 UTC,0.10949470363666586,164763799.331421,468423.1237268285
2021-09-14 00:00:00 UTC,0.10378633441715893,155607144.6357585,294412.7791230038
2021-09-15 00:00:00 UTC,0.11549488155017075,173278832.05595085,46198.09544861957
2021-09-16 00:00:00 UTC,0.11504783617275174,172711910.8279719,17960.383186879917
2021-09-17 00:00:00 UTC,0.11027216832880476,165423238.5218205,27548.073737951974
2021-09-18 00:00:00 UTC,0.11001441716524075,165019456.1218332,25700.55587210582
2021-09-19 00:00:00 UTC,0.1118520594295763,167769416.7174255,13167.864508181261
2021-09-20 00:00:00 UTC,0.10977297708115923,165229121.87700495,11937.46421599735
2021-09-21 00:00:00 UTC,0.1059632846029202,158536776.3453372,327978.60027986806
2021-09-22 00:00:00 UTC,0.11094784164890441,166327165.4901048,361794.2245897109
2021-09-23 00:00:00 UTC,0.11151677059312337,167265617.033952,414215.3921068325
2021-09-24 00:00:00 UTC,0.11602940177281386,174110271.23474115,621434.1039187934
2021-09-25 00:00:00 UTC,0.11279562511383613,169364020.85082555,287154.3153134022
2021-09-26 00:00:00 UTC,0.11261202585549154,168584103.214344,80569.16034330554
2021-09-27 00:00:00 UTC,0.11430256184086329,171336051.7498374,643774.1981120595
2021-09-28 00:00:00 UTC,0.1112847128796272,166710415.4247129,1054363.4314332134
2021-09-29 00:00:00 UTC,0.11024459584477389,166360209.6053235,389587.1875571999
2021-09-30 00:00:00 UTC,0.11171422569969543,167366553.58127564,454835.6307188192
2021-10-01 00:00:00 UTC,0.1162825118411349,174667052.06157795,996998.0010978665
2021-10-02 00:00:00 UTC,0.11790938105297019,176704319.78699234,1425248.699136415
2021-10-03 00:00:00 UTC,0.11683408390817511,175355032.1095989,485067.6146522176
2021-10-04 00:00:00 UTC,0.11541318187360569,173191589.04084226,592748.8101349545
2021-10-05 00:00:00 UTC,0.11849204669180463,178122177.5141601,326977.9621234086
2021-10-06 00:00:00 UTC,0.12490866363997713,187363268.24296156,777467.7585215798
2021-10-07 00:00:00 UTC,0.13092176383036236,195962479.813014,658202.9121290816
2021-10-08 00:00:00 UTC,0.12921084739725508,193782275.09051806,255663.47490551276
2021-10-09 00:00:00 UTC,0.13130029999130216,196875936.79304475,792387.302415925
2021-10-10 00:00:00 UTC,0.13458840686676776,201785017.2701403,691739.6912927763
2021-10-11 00:00:00 UTC,0.1323740070311799,198638754.6335343,239770.66072544223
2021-10-12 00:00:00 UTC,0.13116767220692427,197055544.42121744,140396.218920298
2021-10-13 00:00:00 UTC,0.13597398348067904,204137362.2105912,105650.32675668651
2021-10-14 00:00:00 UTC,0.1402068879042079,210315062.83668286,607981.1417567272
2021-10-15 00:00:00 UTC,0.13679287040314822,205249684.60689375,246017.15120504488
2021-10-16 00:00:00 UTC,0.1309634523276684,195816526.16886225,399343.5973403336
2021-10-17 00:00:00 UTC,0.13747555056343444,205327506.0800532,121287.58038763792
2021-10-18 00:00:00 UTC,0.14093287398353382,210568019.4880704,1340980.7105216216
2021-10-19 00:00:00 UTC,0.13516106382625898,203274694.0615767,166861.1264062554
2021-10-20 00:00:00 UTC,0.13825632995264223,205759144.20381525,630390.0153032123
2021-10-21 00:00:00 UTC,0.14742027194834717,222100652.2997028,836752.1628453949
2021-10-22 00:00:00 UTC,0.1331699300937952,199869890.2963575,265915.8892783026
2021-10-23 00:00:00 UTC,0.13662662744709955,205032468.108813,108648.24420450728
2021-10-24 00:00:00 UTC,0.13810840460191437,207162606.9028716,53230.16515569793
2021-10-25 00:00:00 UTC,0.13741015296290776,205969237.65641445,416468.80785109405
2021-10-26 00:00:00 UTC,0.13989423309792723,209844093.6735351,503904.7163055703
2021-10-27 00:00:00 UTC,0.1360431765383008,204821451.83113936,269356.9207407361
2021-10-28 00:00:00 UTC,0.13012764989173334,195191474.83759996,708736.664573216
2021-10-29 00:00:00 UTC,0.12968876800867649,194582957.2113543,361369.3920864139
2021-10-30 00:00:00 UTC,0.13641866739841318,208396537.19434634,697531.8609671453
2021-10-31 00:00:00 UTC,0.1342081346822109,200362944.5001801,1085642.2446997727
2021-11-01 00:00:00 UTC,0.1375948596425954,206712324.89355195,691741.8931697371
2021-11-02 00:00:00 UTC,0.13143116147770456,197399154.95447505,218882.06779678282
2021-11-03 00:00:00 UTC,0.13467244278443674,201585478.12759846,178933.27423550916
2021-11-04 00:00:00 UTC,0.1353492534298036,191554953.050193,111324.11110663436
2021-11-05 00:00:00 UTC,0.12870460336391348,192706337.78255504,48069.0873355996
2021-11-06 00:00:00 UTC,0.12849684274260287,192701932.45970476,46009.2890018799
2021-11-07 00:00:00 UTC,0.1324706680978433,198445539.0558636,92332.50633283267
2021-11-08 00:00:00 UTC,0.1402557856993059,210061277.8308864,1790.5676575931002
2021-11-09 00:00:00 UTC,0.1413194390839749,212191194.41774744,67345.8073287349
2021-11-10 00:00:00 UTC,0.1404955310572641,211185414.54233986,62946.91512015804
2021-11-11 00:00:00 UTC,0.1357358633849853,203346847.45415384,155758.5920409082
2021-11-12 00:00:00 UTC,0.13551440176657295,203271602.6498595,239380.41960787532
2021-11-13 00:00:00 UTC,0.1359036762845174,203305852.73145255,169946.69841815814
2021-11-14 00:00:00 UTC,0.1379699316954722,206940884.8427586,168.47011171397816
2021-11-15 00:00:00 UTC,0.137093944222356,206786254.21153635,124.91578377953006
2021-11-16 00:00:00 UTC,0.13018143194754103,195600594.5662539,14737.703879731613
2021-11-17 00:00:00 UTC,0.12586380747751794,188968712.0595549,174261.02255523996
2021-11-18 00:00:00 UTC,0.12478909715040959,186577763.4189756,33057.77846988347
2021-11-19 00:00:00 UTC,0.11890685989229204,178360289.838438,43314.17946715195
2021-11-20 00:00:00 UTC,0.12097260701814247,181335084.03565514,95557.44893498399
2021-11-21 00:00:00 UTC,0.12730714022637912,190836879.1982991,9401.572169498024
2021-11-22 00:00:00 UTC,0.12494749569984756,175077878.5830795,18823.11324374512
2021-11-23 00:00:00 UTC,0.11816772237166054,177253744.38139215,62947.62080660781
2021-11-24 00:00:00 UTC,0.1230628325224151,184108501.77668086,110093.30136599921
2021-11-25 00:00:00 UTC,0.12143418903887032,182464031.9989329,46558.246336778204
2021-11-26 00:00:00 UTC,0.12020340575257316,180720122.71915844,387476.19199028955
2021-11-27 00:00:00 UTC,0.10534809606911247,157803185.5701408,155339.4857944086
2021-11-28 00:00:00 UTC,0.1100132558825582,165022306.4407065,101090.06026867268
2021-11-29 00:00:00 UTC,0.11942920163178354,179194205.74899766,13511.197914738252
2021-11-30 00:00:00 UTC,0.11794587998447381,177174130.7206944,148199.04736574288
2021-12-01 00:00:00 UTC,0.11627568152992365,174625565.9636004,373854.1595809912
2021-12-02 00:00:00 UTC,0.1132491489313443,169846781.152266,76616.22891258854
2021-12-03 00:00:00 UTC,0.10926816875594515,163937743.2208137,4074.235063551839
2021-12-04 00:00:00 UTC,0.10658931649410484,159830160.85219246,23831.27306068739
2021-12-05 00:00:00 UTC,0.099024570821272,148500233.8341382,8135.822113623583
2021-12-06 00:00:00 UTC,0.09878845453122305,148099593.09254918,7691.9779408285585
2021-12-07 00:00:00 UTC,0.10104254910138018,151513003.15186936,58454.50931550924
2021-12-08 00:00:00 UTC,0.0986155342469956,147910940.78827715,12009.765233364538
2021-12-09 00:00:00 UTC,0.10348472868032065,155216159.78791186,44356.75061618209
2021-12-10 00:00:00 UTC,0.10883910402471325,163702902.66353205,141982.0975491117
2021-12-11 00:00:00 UTC,0.11584416236060778,174324431.77742594,50666.30926143693
2021-12-12 00:00:00 UTC,0.12049924190152887,180748862.85229334,16545.235414135048
2021-12-13 00:00:00 UTC,0.12183138621446248,182884662.70248976,34356.415586025374
2021-12-14 00:00:00 UTC,0.11446867081889119,171101092.78683764,9385.379148197348
2021-12-15 00:00:00 UTC,0.11734055234791348,175854011.04478124,204809.6771702605
2021-12-16 00:00:00 UTC,0.11781490717029737,176421026.98903665,65092.47907996846
2021-12-17 00:00:00 UTC,0.1168875725775184,175623168.6404319,5435.5870192877655
2021-12-18 00:00:00 UTC,0.11566193893025234,173664114.1816962,17397.71206707224
2021-12-19 00:00:00 UTC,0.1181723086524159,177289079.18565,14047.602194395058
2021-12-20 00:00:00 UTC,0.11860322233817897,177904833.5072685,11031.760430931756
2021-12-21 00:00:00 UTC,0.11658807819910164,175052447.094237,14554.912114074055
2021-12-22 00:00:00 UTC,0.11876783303453917,179919800.6189298,13671.976628420796
2021-12-23 00:00:00 UTC,0.10959867181883982,164412064.078818,9575.675841819646
2021-12-24 00:00:00 UTC,0.1078798244178039,161736914.83031744,25575.28842540477
2021-12-25 00:00:00 UTC,0.1079551315857771,162137706.15779176,174081.5153911248
2021-12-26 00:00:00 UTC,0.10447777226845725,156804772.7219634,1019.196394405331
2021-12-27 00:00:00 UTC,0.10099306925166827,151319729.6125719,419.62620274068166
2021-12-28 00:00:00 UTC,0.10390096774048749,156102973.82681566,4537.440133035311
2021-12-29 00:00:00 UTC,0.10016945935229998,150564273.0102309,383168.14472504257
2021-12-30 00:00:00 UTC,0.09929876041986292,148948140.6297944,150705.32380072263
2021-12-31 00:00:00 UTC,0.10047145546656479,150656847.7001496,369927.6073244445
2022-01-01 00:00:00 UTC,0.09743086744714853,146964281.1270154,245579.27326923996
2022-01-02 00:00:00 UTC,0.09991132589147843,149799960.49969724,39820.20192791039
2022-01-03 00:00:00 UTC,0.09902530047015265,148684855.36428115,16612.855826864452
2022-01-04 00:00:00 UTC,0.09946348630915822,149406435.26933387,14433.933975309714
2022-01-05 00:00:00 UTC,0.09957976562497985,149566339.59497866,6360.400453281089
2022-01-06 00:00:00 UTC,0.09281485284253867,139342818.90761554,4682.230737954595
2022-01-07 00:00:00 UTC,0.08856569130763234,133029517.23235458,154351.9675743406
2022-01-08 00:00:00 UTC,0.08395030476198512,126078297.29103667,180769.3065001161
2022-01-09 00:00:00 UTC,0.0849267892693025,127493105.34978014,142931.2265017263
2022-01-10 00:00:00 UTC,0.08815217464620732,132204210.03387736,139344.88347882166
2022-01-11 00:00:00 UTC,0.08791875764425043,131829237.45889093,127535.60990653657
2022-01-12 00:00:00 UTC,0.08942894455981924,134435983.1907267,141750.14209767635
2022-01-13 00:00:00 UTC,0.08928291809239743,133986279.52668513,129575.77786446619
2022-01-14 00:00:00 UTC,0.0844907807268689,126736171.09030335,145739.74248635673
2022-01-15 00:00:00 UTC,0.08193232958145524,122867204.84530519,137307.88307414576
2022-01-16 00:00:00 UTC,0.08545638813364999,128356568.27931291,94123.07324884439
2022-01-17 00:00:00 UTC,0.08080232439200556,121214517.5620144,65187.07295423238
2022-01-18 00:00:00 UTC,0.08585226298718611,128789099.00229794,188243.81861980303
2022-01-19 00:00:00 UTC,0.08865526322420554,133017054.30278623,131836.41710786812
2022-01-20 00:00:00 UTC,0.0841922519922628,126328313.42816873,79229.65036973298
2022-01-21 00:00:00 UTC,0.08718617549361671,131145365.39257316,137093.54289939383
2022-01-22 00:00:00 UTC,0.08132730975043226,122419493.61276422,100546.75264473188
2022-01-23 00:00:00 UTC,0.08241570898050843,123447979.59901476,68467.30823180369
2022-01-24 00:00:00 UTC,0.08645920802081726,129713903.13930425,163963.4997041769
2022-01-25 00:00:00 UTC,0.08953564518171961,134303467.7725794,97045.80747248768
2022-01-26 00:00:00 UTC,0.08703396923603629,130502390.89874743,8378.723696241479
2022-01-27 00:00:00 UTC,0.08587411698451883,128917314.93420155,8960.436987189696
2022-01-28 00:00:00 UTC,0.08719476687897702,130771970.37503873,30542.753414614435
2022-01-29 00:00:00 UTC,0.09230408142270156,138385105.639944,145378.60643284355
2022-01-30 00:00:00 UTC,0.09119975947001667,137239912.35125357,227101.6857019561
2022-01-31 00:00:00 UTC,0.09039640125815884,135594601.88723826,162394.7114742422
2022-02-01 00:00:00 UTC,0.08894057924359311,134499166.7864355,37061.44287396383
2022-02-02 00:00:00 UTC,0.09193663456389158,137904951.84583738,118310.50275781006
2022-02-03 00:00:00 UTC,0.08940102022657219,134137183.21802436,175968.43712615478
2022-02-04 00:00:00 UTC,0.08785238728082055,131424345.39514741,21709.467710278608
2022-02-05 00:00:00 UTC,0.09289921203723762,137085937.9775915,437.562379465288
2022-02-06 00:00:00 UTC,0.0887636908528356,133159670.6000294,5958.18552164654
2022-02-07 00:00:00 UTC,0.09687789542235725,145831612.9974569,169.31556910663863
2022-02-08 00:00:00 UTC,0.08264620319468914,123988471.78151917,14747.295539276241
2022-02-09 00:00:00 UTC,0.09395751013556972,141042407.01532742,246.26018997262588
2022-02-10 00:00:00 UTC,0.09610105909076581,144260794.093353,158.3417749204321
2022-02-11 00:00:00 UTC,0.09204582999427416,137889831.31673267,314.1798707974497
2022-02-12 00:00:00 UTC,0.08713950537297528,130960454.48806198,1726.3261094433287
2022-02-13 00:00:00 UTC,0.07966313665141604,119403420.94389135,346.3527250770571
2022-02-14 00:00:00 UTC,0.06973590313615803,104565709.65066831,928.0741953112152
2022-02-15 00:00:00 UTC,0.06617725171809884,99228355.82054467,882.810099209436
2022-02-16 00:00:00 UTC,0.08658559554004622,129777143.05718537,3037.215547806613
2022-02-17 00:00:00 UTC,0.08675379475718739,129907232.62648332,3873.765884837307
2022-02-18 00:00:00 UTC,0.08149546838905977,121857103.37740485,17032.240036897638
2022-02-19 00:00:00 UTC,0.08193672358359397,122933167.2089341,23814.459187167515
2022-02-20 00:00:00 UTC,0.0852561611017595,128055369.95623706,1373.5897593600955
2022-02-21 00:00:00 UTC,0.08747933247408689,131323408.35569459,352.08927238145884
2022-02-22 00:00:00 UTC,0.08231202166406941,123547705.21809927,4130.461380790643
2022-02-23 00:00:00 UTC,0.08524424111227787,127772956.7982146,2727.9824754463366
2022-02-24 00:00:00 UTC,0.08551773458725721,128371726.05761217,155677.7391901394
2022-02-25 00:00:00 UTC,0.08516902391555556,127726349.7009089,482013.70762220415
2022-02-26 00:00:00 UTC,0.084126930876267,126230501.58951107,228298.01639362398
2022-02-27 00:00:00 UTC,0.08646526796196853,129586157.05498618,8382.089733350907
2022-02-28 00:00:00 UTC,0.08287096489736737,124328867.26741748,11597.14057385438
2022-03-01 00:00:00 UTC,0.08642188336265043,129535034.87033492,5608.03807305193
2022-03-02 00:00:00 UTC,0.08563062992323472,128147541.34483849,90332.09663068557
2022-03-03 00:00:00 UTC,0.0815250011196701,122258667.67726904,1929.4486857619495
2022-03-04 00:00:00 UTC,0.07608564865506975,114217650.90228166,135646.79635963775
2022-03-05 00:00:00 UTC,0.07246563423458822,106505340.88300136,191725.6930595544
2022-03-06 00:00:00 UTC,0.07098777461808431,106434862.93227449,157380.19586818546
2022-03-07 00:00:00 UTC,0.06995559639481441,104965457.26601379,138696.8907619272
2022-03-08 00:00:00 UTC,0.06911903829707983,103974629.98840083,39958.51101586251
2022-03-09 00:00:00 UTC,0.07038284061547488,105612274.65909828,56476.20902913706
2022-03-10 00:00:00 UTC,0.07116813108818933,106745320.14346875,23636.64483886474
2022-03-11 00:00:00 UTC,0.07096505611070263,106484480.78040619,31794.770485354704
2022-03-12 00:00:00 UTC,0.07129589933321626,107131394.53029743,30251.92702924159
2022-03-13 00:00:00 UTC,0.07106397216396068,106605767.97894093,57899.87716868835
2022-03-14 00:00:00 UTC,0.07785610028334149,116793940.23541276,88739.0163042143
2022-03-15 00:00:00 UTC,0.08194403260367661,122901499.65869269,207305.55254353743
2022-03-16 00:00:00 UTC,0.09753430769437114,146486165.99107233,196367.45638526563
2022-03-17 00:00:00 UTC,0.10069686070638169,152562628.6532301,168616.5855501872
2022-03-18 00:00:00 UTC,0.09793029904369598,146773274.48284984,288126.1329885965
2022-03-19 00:00:00 UTC,0.09913304483542992,148796654.37030488,307016.89393390215
2022-03-20 00:00:00 UTC,0.09870252640483632,148057518.2315608,267626.06655559444
2022-03-21 00:00:00 UTC,0.09714310467281081,145756448.09195063,160359.90810925153
2022-03-22 00:00:00 UTC,0.0957344939853654,143525117.4215566,74720.38423755506
2022-03-23 00:00:00 UTC,0.09562906250592167,143561138.29394317,229551.4284471349
2022-03-24 00:00:00 UTC,0.09561340233511345,143063259.33341938,540877.0103364309
2022-03-25 00:00:00 UTC,0.09700793049993162,145656348.09849063,880922.752550716
2022-03-26 00:00:00 UTC,0.09672491123870035,145115290.6959967,948968.3686419821
2022-03-27 00:00:00 UTC,0.09633294572325864,144697087.3281596,778674.8642066125
2022-03-28 00:00:00 UTC,0.09687368394889027,145256116.04749522,916627.2846637054
2022-03-29 00:00:00 UTC,0.09618365112321162,144438380.66197944,762996.3563277398
2022-03-30 00:00:00 UTC,0.09677879543492239,145128457.47646293,995573.0896508963
2022-03-31 00:00:00 UTC,0.09448394145765678,141750819.76266024,814549.6005931866
2022-04-01 00:00:00 UTC,0.09143085386479548,137112637.45936373,966731.8042369724
2022-04-02 00:00:00 UTC,0.08975058878194511,134581513.80798975,1040596.4307408878
2022-04-03 00:00:00 UTC,0.08851435069125087,133132250.70016469,805156.9892060856
2022-04-04 00:00:00 UTC,0.08409629742487151,125950729.88052012,837913.6407187524
2022-04-05 00:00:00 UTC,0.0847110680570649,127224877.01119828,776206.073858518
2022-04-06 00:00:00 UTC,0.08279196091591211,124461578.92799915,744081.35594317
2022-04-07 00:00:00 UTC,0.07836689979278079,118020988.38616636,827367.6849171835
2022-04-08 00:00:00 UTC,0.0801920242351466,120517705.24951282,1022569.5867895231
2022-04-09 00:00:00 UTC,0.07959997936798877,119296496.22472928,1082232.07223531
2022-04-10 00:00:00 UTC,0.08107737885727423,121616068.28591135,1088423.755541407
2022-04-11 00:00:00 UTC,0.08055064527084771,121059889.44672981,923203.1720935742
2022-04-12 00:00:00 UTC,0.07801452901578736,117629000.02662069,979528.9722505385
2022-04-13 00:00:00 UTC,0.07926890022248266,118924727.41650864,926073.9925533304
2022-04-14 00:00:00 UTC,0.0816455762149247,122649472.09533663,919124.1529402279
2022-04-15 00:00:00 UTC,0.08122131156807819,121798934.88659786,1076312.8492859595
2022-04-16 00:00:00 UTC,0.08408029510787099,126099424.08317718,1077841.3213745824
2022-04-17 00:00:00 UTC,0.09066580875215229,136080103.34894168,1261209.3888138006
2022-04-18 00:00:00 UTC,0.08985524741829196,134856819.9222944,1188484.0455300615
2022-04-19 00:00:00 UTC,0.09187809610960852,137753116.9259708,1163224.9180446893
2022-04-20 00:00:00 UTC,0.09142117137918816,137149802.02182534,1241557.322778322
2022-04-21 00:00:00 UTC,0.09024174265605067,135531392.53078198,1249709.5637744425
2022-04-22 00:00:00 UTC,0.08871719990087493,132956482.2445804,1107821.004979746
2022-04-23 00:00:00 UTC,0.08895093644344965,133598919.17411117,1066748.876070755
2022-04-24 00:00:00 UTC,0.08866474559370602,132997118.39055903,961365.8389705321
2022-04-25 00:00:00 UTC,0.08836603143752733,132712957.64994097,897786.8662314126
2022-04-26 00:00:00 UTC,0.0892072070123391,133811557.26527719,930396.3058462477
2022-04-27 00:00:00 UTC,0.08640022505631466,129431282.28852116,959107.7047632087
2022-04-28 00:00:00 UTC,0.08875460330511117,133359231.06940752,1094814.462403945
2022-04-29 00:00:00 UTC,0.08928362006704524,133886250.01892653,1092888.4465355298
2022-04-30 00:00:00 UTC,0.08790308055078903,132182790.82974058,1071599.2435167362
2022-05-01 00:00:00 UTC,0.08806241819217406,132043339.86480333,655317.0435248091
2022-05-02 00:00:00 UTC,0.08873248123691804,133636032.83293867,733922.3025487687
2022-05-03 00:00:00 UTC,0.08886027540811883,133307091.36361958,1154341.8322919784
2022-05-04 00:00:00 UTC,0.08842994090633147,132872061.7819898,1177503.1106995975
2022-05-05 00:00:00 UTC,0.0912786681631749,136918002.24476236,1171467.8830506087
2022-05-06 00:00:00 UTC,0.08860478270590731,132890074.6124667,1074936.0031329128
2022-05-07 00:00:00 UTC,0.09592285507804502,144314209.47691008,841720.1205931791
2022-05-08 00:00:00 UTC,0.1039651211408778,155748918.43524495,654361.663439804
2022-05-09 00:00:00 UTC,0.10301011194338688,154493436.33711436,264772.21401567187
2022-05-10 00:00:00 UTC,0.09879988488041923,148845806.66140595,385275.6928041906
2022-05-11 00:00:00 UTC,0.09593587508739086,143355465.15242186,458960.2254488294
2022-05-12 00:00:00 UTC,0.08485199818254564,127571464.51074901,364090.702274888
2022-05-13 00:00:00 UTC,0.0790681250110837,118679283.69725202,237829.41503619688
2022-05-14 00:00:00 UTC,0.08228312231335017,123801282.67764099,213883.53281470962
2022-05-15 00:00:00 UTC,0.08582549892880857,128445503.03927067,401312.90053153073
2022-05-16 00:00:00 UTC,0.08824310368041305,132002802.09614345,418405.19297826325
2022-05-17 00:00:00 UTC,0.08584373072394472,128722566.83704767,408830.9935169036
2022-05-18 00:00:00 UTC,0.08631085720836273,129242950.9633477,393265.6878866854
2022-05-19 00:00:00 UTC,0.08383815344167206,125874100.90861733,692422.2849415846
2022-05-20 00:00:00 UTC,0.08412195043492836,126087565.36181363,991069.5234627835
2022-05-21 00:00:00 UTC,0.08594725856281919,128824898.87507205,897476.0579862751
2022-05-22 00:00:00 UTC,0.0837395349247689,125942712.20756336,924854.916763672
2022-05-23 00:00:00 UTC,0.08376661408402185,125567248.52995901,853648.2522144796
2022-05-24 00:00:00 UTC,0.08170826741765,122562401.126475,829445.5916323636
2022-05-25 00:00:00 UTC,0.08197027441981385,122955411.62972078,879083.7046770505
2022-05-26 00:00:00 UTC,0.08109375993404143,121658604.4738901,857320.1056651552
2022-05-27 00:00:00 UTC,0.07780779686490445,116597353.8799375,795406.4046551915
2022-05-28 00:00:00 UTC,0.08014012821846725,120181384.90183714,830240.7613114961
2022-05-29 00:00:00 UTC,0.08176455750989248,122637856.01969641,739444.4134666977
2022-05-30 00:00:00 UTC,0.08022293024346913,120351519.40430614,678305.7249644704
2022-05-31 00:00:00 UTC,0.08155663054053858,122352590.88894905,705615.9297261926
2022-06-01 00:00:00 UTC,0.07816569691840689,117248545.37761034,762042.9926411303
2022-06-02 00:00:00 UTC,0.0754767459998108,113215118.9997162,755875.8093298906
2022-06-03 00:00:00 UTC,0.07450180627864082,112042139.65033221,726258.1955440826
2022-06-04 00:00:00 UTC,0.07428973958118253,111481523.80375898,690392.0126811875
2022-06-05 00:00:00 UTC,0.07443285077251888,111530130.32214713,614283.9700039944
2022-06-06 00:00:00 UTC,0.07383498371660113,110987710.58590955,463766.0085903041
2022-06-07 00:00:00 UTC,0.07492559568759628,112486789.52011454,618102.0154844392
2022-06-08 00:00:00 UTC,0.07484828891715754,112507342.4350309,761404.2141244597
2022-06-09 00:00:00 UTC,0.0725930665295967,108989020.35177128,575732.2097751275
2022-06-10 00:00:00 UTC,0.07108505138166715,106642747.62858564,483203.367803046
2022-06-11 00:00:00 UTC,0.0704111952760621,105494347.61429656,457207.3393587131
2022-06-12 00:00:00 UTC,0.06909950014967206,103622620.72870621,327899.7802130345
2022-06-13 00:00:00 UTC,0.06769564345865531,101648563.2686944,397154.7972870538
2022-06-14 00:00:00 UTC,0.06174313381572426,92688355.48577592,478068.5832150852
2022-06-15 00:00:00 UTC,0.06390447479743377,95862255.93992864,306650.2703985089
2022-06-16 00:00:00 UTC,0.0655155078868001,98104782.79384165,253003.48744611634
2022-06-17 00:00:00 UTC,0.062383000871134624,93574501.30670193,281564.53826812614
2022-06-18 00:00:00 UTC,0.07106667441571599,106877933.3795564,268967.6422434819
2022-06-19 00:00:00 UTC,0.07125348040498464,106830315.4883724,296063.3889649392
2022-06-20 00:00:00 UTC,0.07145600199061605,107150394.47792397,359006.73740741535
2022-06-21 00:00:00 UTC,0.07217583870070846,108515337.95741929,238757.4625896288
2022-06-22 00:00:00 UTC,0.07121104279711038,106851729.15525073,213923.77047901752
2022-06-23 00:00:00 UTC,0.07087484015183182,106591530.15970892,275621.04575094645
2022-06-24 00:00:00 UTC,0.07210689546472647,108354040.02959754,256768.48720379782
2022-06-25 00:00:00 UTC,0.07125793778529949,107230009.51798716,217813.8544520242
2022-06-26 00:00:00 UTC,0.07403886252421728,110960335.17986913,194970.0237258788
2022-06-27 00:00:00 UTC,0.07289368103279203,109373273.76106393,131312.8707780432
2022-06-28 00:00:00 UTC,0.07429033527350014,111416000.08358459,114761.64704293541
2022-06-29 00:00:00 UTC,0.07882575113175176,118213707.26426516,419785.81436521094
2022-06-30 00:00:00 UTC,0.08023881655683875,120429330.78710553,447362.6837352719
2022-07-01 00:00:00 UTC,0.07684352966458148,114434731.97542468,477656.89213465224
